SpikeUp,576,544,B967C76C,0,1,1,4294967295,0,0
SpikeUp,608,544,7A0C5CF6,0,1,1,4294967295,0,0
SpikeUp,640,544,4A6D2F91,0,1,1,4294967295,0,0
SpikeUp,672,544,B9B5AD2C,0,1,1,4294967295,0,0
Block,0,544,EE89139E,0,25,1,4294967295,0,0
Block,0,0,EBC7E381,0,8,14,4294967295,0,0
TriggerMove,288,352,637FAC33,0,1,1,4294967295,0,1
TriggerMove,320,352,B1659599,0,1,1,4294967295,0,1
TriggerMove,352,352,70DD0293,0,1,1,4294967295,0,1
TriggerMove,384,352,D6572744,0,1,1,4294967295,0,1
Trigger,576,352,2A787A5C,0,4,6,4294967295,0,1
RoomChanger,800,0,3121C3DC,0,1,17,4294967295,0,1
