Block,0,0,00354D04,0,1,1,4294967295,0,0
Block,32,0,001D738D,0,1,1,4294967295,0,0
Block,64,0,003F2443,0,1,1,4294967295,0,0
Block,96,0,003A963D,0,1,1,4294967295,0,0
Block,128,0,001A7681,0,1,1,4294967295,0,0
Block,160,0,003FECD5,0,1,1,4294967295,0,0
Block,192,0,00273C73,0,1,1,4294967295,0,0
Block,224,0,003B2C7D,0,1,1,4294967295,0,0
Block,256,0,001ECC1F,0,1,1,4294967295,0,0
Block,288,0,00359D3A,0,1,1,4294967295,0,0
Block,320,0,001288C0,0,1,1,4294967295,0,0
Block,352,0,00234A66,0,1,1,4294967295,0,0
Block,384,0,00009B37,0,1,1,4294967295,0,0
Block,416,0,00199000,0,1,1,4294967295,0,0
Block,448,0,0021BB26,0,1,1,4294967295,0,0
Block,480,0,0007666B,0,1,1,4294967295,0,0
Block,512,0,000E253F,0,1,1,4294967295,0,0
Block,544,0,0029D94D,0,1,1,4294967295,0,0
Block,576,0,0012C08E,0,1,1,4294967295,0,0
Block,608,0,003CCCA2,0,1,1,4294967295,0,0
Block,640,0,002ED298,0,1,1,4294967295,0,0
Block,672,0,001596F5,0,1,1,4294967295,0,0
Block,704,0,001690AB,0,1,1,4294967295,0,0
Block,736,0,00012662,0,1,1,4294967295,0,0
Block,768,0,00041E20,0,1,1,4294967295,0,0
Block,768,32,003935B3,0,1,1,4294967295,0,0
Block,768,64,001B2505,0,1,1,4294967295,0,0
Block,768,96,001EF0AF,0,1,1,4294967295,0,0
Block,768,128,003C6A98,0,1,1,4294967295,0,0
Block,768,160,000B384D,0,1,1,4294967295,0,0
Block,768,192,003BFE8A,0,1,1,4294967295,0,0
Block,768,224,00126034,0,1,1,4294967295,0,0
Block,768,256,000FE626,0,1,1,4294967295,0,0
Block,768,288,0014F4E9,0,1,1,4294967295,0,0
Block,768,320,002DE63F,0,1,1,4294967295,0,0
Block,768,352,00044F03,0,1,1,4294967295,0,0
Block,768,384,00162465,0,1,1,4294967295,0,0
Block,768,416,0032945A,0,1,1,4294967295,0,0
Block,768,448,003F73C2,0,1,1,4294967295,0,0
Block,768,480,002F9A95,0,1,1,4294967295,0,0
Block,768,512,0024CD3B,0,1,1,4294967295,0,0
Block,768,544,003511C9,0,1,1,4294967295,0,0
Block,768,576,002A3286,0,1,1,4294967295,0,0
Block,736,576,00189722,0,1,1,4294967295,0,0
Block,704,576,00363D0B,0,1,1,4294967295,0,0
Block,672,576,001A9494,0,1,1,4294967295,0,0
Block,640,576,00184CA9,0,1,1,4294967295,0,0
Block,608,576,000151C5,0,1,1,4294967295,0,0
Block,576,576,00327656,0,1,1,4294967295,0,0
Block,544,576,00388A3C,0,1,1,4294967295,0,0
Block,512,576,00218FDD,0,1,1,4294967295,0,0
Block,480,576,0038BE50,0,1,1,4294967295,0,0
Block,448,576,000AFFC4,0,1,1,4294967295,0,0
Block,416,576,0001027E,0,1,1,4294967295,0,0
Block,384,576,0018DC07,0,1,1,4294967295,0,0
Block,352,576,0039FFA7,0,1,1,4294967295,0,0
Block,320,576,0028AD9E,0,1,1,4294967295,0,0
Block,288,576,00239A10,0,1,1,4294967295,0,0
Block,256,576,00116EE1,0,1,1,4294967295,0,0
Block,224,576,00219AFD,0,1,1,4294967295,0,0
Block,192,576,003829E2,0,1,1,4294967295,0,0
Block,160,576,000C0A40,0,1,1,4294967295,0,0
Block,128,576,00115483,0,1,1,4294967295,0,0
Block,96,576,0006A0BD,0,1,1,4294967295,0,0
Block,64,576,00389111,0,1,1,4294967295,0,0
Block,32,576,0023D837,0,1,1,4294967295,0,0
Block,0,576,00396AFA,0,1,1,4294967295,0,0
Block,0,544,001E06FC,0,1,1,4294967295,0,0
Block,0,512,00372504,0,1,1,4294967295,0,0
Block,0,480,003886F2,0,1,1,4294967295,0,0
Block,0,448,0038AC61,0,1,1,4294967295,0,0
Block,0,416,001978AF,0,1,1,4294967295,0,0
Block,0,384,0038C2C7,0,1,1,4294967295,0,0
Block,0,352,0007FED5,0,1,1,4294967295,0,0
Block,0,320,00342895,0,1,1,4294967295,0,0
Block,0,288,00072249,0,1,1,4294967295,0,0
Block,0,256,001FE49A,0,1,1,4294967295,0,0
Block,0,224,003C4166,0,1,1,4294967295,0,0
Block,0,192,00174836,0,1,1,4294967295,0,0
Block,0,160,00027C60,0,1,1,4294967295,0,0
Block,0,128,002EE23B,0,1,1,4294967295,0,0
Block,0,96,002D5408,0,1,1,4294967295,0,0
Block,0,64,0016755F,0,1,1,4294967295,0,0
Block,0,32,001AA20F,0,1,1,4294967295,0,0
PlayerStart,384,544,7712F8A4,0,1,1,4294967295,0,0
GameClear,352,512,2DDB6556,0,3,2,4294967295,0,0
Cherry,90,172,3F40A5A3,0,1,1,4294967295,0,0
Cherry,103,150,984E0F96,0,1,1,4294967295,0,0
Cherry,112,126,77ADFDAD,0,1,1,4294967295,0,0
Cherry,122,102,4E36C69D,0,1,1,4294967295,0,0
Cherry,135,80,106ED851,0,1,1,4294967295,0,0
Cherry,65,64,7BD41BFF,0,1,1,4294967295,0,0
Cherry,77,84,3445A215,0,1,1,4294967295,0,0
Cherry,88,102,24AA2CBD,0,1,1,4294967295,0,0
Cherry,210,74,7027F00E,0,1,1,4294967295,0,0
Cherry,190,73,B6EC8430,0,1,1,4294967295,0,0
Cherry,170,95,76766731,0,1,1,4294967295,0,0
Cherry,167,118,4EE8EFF4,0,1,1,4294967295,0,0
Cherry,174,138,7EF29E25,0,1,1,4294967295,0,0
Cherry,192,149,3A788DAE,0,1,1,4294967295,0,0
Cherry,211,150,9CAFF326,0,1,1,4294967295,0,0
Cherry,227,132,7B95440E,0,1,1,4294967295,0,0
Cherry,228,107,3FB20B0C,0,1,1,4294967295,0,0
Cherry,275,79,396874F4,0,1,1,4294967295,0,0
Cherry,264,104,C888C409,0,1,1,4294967295,0,0
Cherry,263,130,F8235940,0,1,1,4294967295,0,0
Cherry,279,148,AC794EF0,0,1,1,4294967295,0,0
Cherry,299,149,554B0299,0,1,1,4294967295,0,0
Cherry,317,139,370CD8F2,0,1,1,4294967295,0,0
Cherry,330,118,50E37B7A,0,1,1,4294967295,0,0
Cherry,332,95,BB94D66B,0,1,1,4294967295,0,0
Cherry,335,72,AB69BB3C,0,1,1,4294967295,0,0
Cherry,45,257,63CF62C7,0,1,1,4294967295,0,0
Cherry,45,282,EE4FECA8,0,1,1,4294967295,0,0
Cherry,45,304,A014606B,0,1,1,4294967295,0,0
Cherry,50,325,E54B11E1,0,1,1,4294967295,0,0
Cherry,73,325,557570CD,0,1,1,4294967295,0,0
Cherry,88,305,EEE97984,0,1,1,4294967295,0,0
Cherry,101,322,C6EF5485,0,1,1,4294967295,0,0
Cherry,121,326,7B0BBC36,0,1,1,4294967295,0,0
Cherry,139,314,DCB3B763,0,1,1,4294967295,0,0
Cherry,142,291,6B926B58,0,1,1,4294967295,0,0
Cherry,142,268,684D9C59,0,1,1,4294967295,0,0
Cherry,142,246,6FBBA0C5,0,1,1,4294967295,0,0
Cherry,176,337,11249308,0,1,1,4294967295,0,0
Cherry,180,307,6A99B5B9,0,1,1,4294967295,0,0
Cherry,182,283,5FE4BB57,0,1,1,4294967295,0,0
Cherry,186,236,066004DE,0,1,1,4294967295,0,0
Cherry,218,256,F91487A3,0,1,1,4294967295,0,0
Cherry,218,284,F7521E1B,0,1,1,4294967295,0,0
Cherry,218,310,A839A066,0,1,1,4294967295,0,0
Cherry,219,331,8E7597A6,0,1,1,4294967295,0,0
Cherry,238,277,7AAA25A6,0,1,1,4294967295,0,0
Cherry,251,256,F896E0F6,0,1,1,4294967295,0,0
Cherry,265,272,F98E340B,0,1,1,4294967295,0,0
Cherry,268,292,FA7BC77D,0,1,1,4294967295,0,0
Cherry,268,313,19B948FD,0,1,1,4294967295,0,0
Cherry,303,246,29543AD2,0,1,1,4294967295,0,0
Cherry,303,274,2DC29D3F,0,1,1,4294967295,0,0
Cherry,304,296,5556989B,0,1,1,4294967295,0,0
Cherry,306,317,A9F3B52B,0,1,1,4294967295,0,0
Cherry,323,274,3BE19A49,0,1,1,4294967295,0,0
Cherry,340,259,8AD2FB68,0,1,1,4294967295,0,0
Cherry,359,273,7341DF54,0,1,1,4294967295,0,0
Cherry,360,297,8FB9A12D,0,1,1,4294967295,0,0
Cherry,359,319,A9D545E5,0,1,1,4294967295,0,0
Cherry,411,276,7FBD6B56,0,1,1,4294967295,0,0
Cherry,429,265,45137FA2,0,1,1,4294967295,0,0
Cherry,438,241,5EFADE57,0,1,1,4294967295,0,0
Cherry,421,227,3D07F5F1,0,1,1,4294967295,0,0
Cherry,402,229,1FAC0BD4,0,1,1,4294967295,0,0
Cherry,392,253,A1915526,0,1,1,4294967295,0,0
Cherry,398,298,C3E27C5B,0,1,1,4294967295,0,0
Cherry,407,317,2268BB8D,0,1,1,4294967295,0,0
Cherry,425,326,1B6012AE,0,1,1,4294967295,0,0
Cherry,387,276,882BFA3C,0,1,1,4294967295,0,0
Cherry,507,264,B4EF688D,0,1,1,4294967295,0,0
Cherry,488,257,6045D4DD,0,1,1,4294967295,0,0
Cherry,473,276,B0B33823,0,1,1,4294967295,0,0
Cherry,471,298,78DF55D9,0,1,1,4294967295,0,0
Cherry,486,311,0509DA8F,0,1,1,4294967295,0,0
Cherry,508,313,19C67FF6,0,1,1,4294967295,0,0
Cherry,527,304,03939BD1,0,1,1,4294967295,0,0
Cherry,527,277,7F7967AC,0,1,1,4294967295,0,0
Cherry,526,252,A5BF6C04,0,1,1,4294967295,0,0
Cherry,523,231,8DD2F887,0,1,1,4294967295,0,0
Cherry,522,209,02450B18,0,1,1,4294967295,0,0
Cherry,551,314,FB734ACB,0,1,1,4294967295,0,0
Boss2,750,77,9D904524,0,1,1,4294967295,0,0
Boss2,718,129,5C71BF14,0,1,1,4294967295,0,0
Boss2,688,186,19C23174,0,1,1,4294967295,0,0
Boss2,715,268,83E3AEE9,0,1,1,4294967295,0,0
Boss2,702,355,3CDF5329,0,1,1,4294967295,0,0
Boss2,678,419,A93929D6,0,1,1,4294967295,0,0
Boss2,713,490,9A9887CB,0,1,1,4294967295,0,0
BroSkippedBoss3,640,75,ABCC3EEA,0,1,1,4294967295,0,0
BroSkippedBoss3,630,192,17E7AB8E,0,1,1,4294967295,0,0
BroSkippedBoss3,635,300,68384D0A,0,1,1,4294967295,0,0
BroSkippedBoss3,638,443,F8474E6E,0,1,1,4294967295,0,0
BroSkippedBoss3,659,546,C8C7D759,0,1,1,4294967295,0,0
Boss1,756,550,BB755D6F,0,1,1,4294967295,0,0
Boss1,750,438,EEF05B19,0,1,1,4294967295,0,0
Boss1,703,518,023361A1,0,1,1,4294967295,0,0
Boss1,728,328,202509BE,0,1,1,4294967295,0,0
Boss1,729,221,FF1B38C2,0,1,1,4294967295,0,0
