SolidTileDisplay,800,0,1ABEFFAD,0,1,17,4294967295,0,1
Block,-32,0,5928310A,0,1,18,4294967295,0,0
Block,0,544,C09C0359,0,12,2,4294967295,0,0
Block,416,544,0AA72F23,0,12,2,4294967295,0,0
Block,352,608,7A4D50A0,0,1,1,4294967295,0,0
Block,416,608,204C6584,0,1,1,4294967295,0,0
Platform,384,544,94573808,0,1,1,4294967295,0,0
PlayerStart,384,576,F7A5B80E,0,1,1,4294967295,0,0
Camera,0,0,1E63C504,0,1,1,4294967295,0,1
Platform,384,608,5B19A070,0,1,1,4294967295,0,1
SaveBoss,384,512,370060EE,0,1,1,4294967295,0,1
RoomChanger,800,0,4BC57F1D,0,1,17,4294967295,0,1
