bDefaultTiles,0,1120,128,64,32,32,0,1,1,4294967295
bDefaultTiles,32,1120,128,64,32,32,0,1,1,4294967295
bDefaultTiles,64,1120,128,64,32,32,0,1,1,4294967295
bDefaultTiles,96,1120,128,64,32,32,0,1,1,4294967295
bDefaultTiles,128,1120,128,64,32,32,0,1,1,4294967295
bDefaultTiles,160,1120,128,64,32,32,0,1,1,4294967295
bDefaultTiles,192,1120,128,64,32,32,0,1,1,4294967295
bDefaultTiles,224,1120,128,64,32,32,0,1,1,4294967295
bDefaultTiles,352,992,128,64,32,32,0,1,1,4294967295
bDefaultTiles,256,864,128,64,32,32,0,1,1,4294967295
bDefaultTiles,416,736,128,64,32,32,0,1,1,4294967295
bDefaultTiles,448,736,128,64,32,32,0,1,1,4294967295
bDefaultTiles,480,736,128,64,32,32,0,1,1,4294967295
bDefaultTiles,512,768,128,64,32,32,0,1,1,4294967295
bDefaultTiles,544,800,128,64,32,32,0,1,1,4294967295
bDefaultTiles,576,832,128,64,32,32,0,1,1,4294967295
bDefaultTiles,608,864,128,64,32,32,0,1,1,4294967295
bDefaultTiles,640,896,128,64,32,32,0,1,1,4294967295
bDefaultTiles,672,928,128,64,32,32,0,1,1,4294967295
bDefaultTiles,704,928,128,64,32,32,0,1,1,4294967295
bDefaultTiles,736,928,128,64,32,32,0,1,1,4294967295
bDefaultTiles,480,768,128,96,32,32,0,1,1,4294967295
bDefaultTiles,448,768,128,96,32,32,0,1,1,4294967295
bDefaultTiles,416,768,128,96,32,32,0,1,1,4294967295
bDefaultTiles,352,832,128,96,32,32,0,1,1,4294967295
bDefaultTiles,352,864,128,96,32,32,0,1,1,4294967295
bDefaultTiles,352,896,128,96,32,32,0,1,1,4294967295
bDefaultTiles,384,896,128,96,32,32,0,1,1,4294967295
bDefaultTiles,384,864,128,96,32,32,0,1,1,4294967295
bDefaultTiles,384,832,128,96,32,32,0,1,1,4294967295
bDefaultTiles,384,800,128,96,32,32,0,1,1,4294967295
bDefaultTiles,416,800,128,96,32,32,0,1,1,4294967295
bDefaultTiles,448,800,128,96,32,32,0,1,1,4294967295
bDefaultTiles,480,800,128,96,32,32,0,1,1,4294967295
bDefaultTiles,480,832,128,96,32,32,0,1,1,4294967295
bDefaultTiles,480,864,128,96,32,32,0,1,1,4294967295
bDefaultTiles,448,864,128,96,32,32,0,1,1,4294967295
bDefaultTiles,448,832,128,96,32,32,0,1,1,4294967295
bDefaultTiles,416,832,128,96,32,32,0,1,1,4294967295
bDefaultTiles,416,864,128,96,32,32,0,1,1,4294967295
bDefaultTiles,416,896,128,96,32,32,0,1,1,4294967295
bDefaultTiles,448,896,128,96,32,32,0,1,1,4294967295
bDefaultTiles,480,896,128,96,32,32,0,1,1,4294967295
bDefaultTiles,512,896,128,96,32,32,0,1,1,4294967295
bDefaultTiles,544,896,128,96,32,32,0,1,1,4294967295
bDefaultTiles,544,864,128,96,32,32,0,1,1,4294967295
bDefaultTiles,544,832,128,96,32,32,0,1,1,4294967295
bDefaultTiles,512,800,128,96,32,32,0,1,1,4294967295
bDefaultTiles,512,832,128,96,32,32,0,1,1,4294967295
bDefaultTiles,512,864,128,96,32,32,0,1,1,4294967295
bDefaultTiles,576,864,128,96,32,32,0,1,1,4294967295
bDefaultTiles,576,896,128,96,32,32,0,1,1,4294967295
bDefaultTiles,608,896,128,96,32,32,0,1,1,4294967295
bDefaultTiles,608,928,128,96,32,32,0,1,1,4294967295
bDefaultTiles,640,928,128,96,32,32,0,1,1,4294967295
bDefaultTiles,576,928,128,96,32,32,0,1,1,4294967295
bDefaultTiles,544,928,128,96,32,32,0,1,1,4294967295
bDefaultTiles,512,928,128,96,32,32,0,1,1,4294967295
bDefaultTiles,480,928,128,96,32,32,0,1,1,4294967295
bDefaultTiles,448,928,128,96,32,32,0,1,1,4294967295
bDefaultTiles,416,928,128,96,32,32,0,1,1,4294967295
bDefaultTiles,384,928,128,96,32,32,0,1,1,4294967295
bDefaultTiles,384,960,128,96,32,32,0,1,1,4294967295
bDefaultTiles,384,992,128,96,32,32,0,1,1,4294967295
bDefaultTiles,384,1024,128,96,32,32,0,1,1,4294967295
bDefaultTiles,384,1056,128,96,32,32,0,1,1,4294967295
bDefaultTiles,384,1088,128,96,32,32,0,1,1,4294967295
bDefaultTiles,384,1120,128,96,32,32,0,1,1,4294967295
bDefaultTiles,384,1152,128,96,32,32,0,1,1,4294967295
bDefaultTiles,224,1152,128,96,32,32,0,1,1,4294967295
bDefaultTiles,192,1152,128,96,32,32,0,1,1,4294967295
bDefaultTiles,160,1152,128,96,32,32,0,1,1,4294967295
bDefaultTiles,128,1152,128,96,32,32,0,1,1,4294967295
bDefaultTiles,96,1152,128,96,32,32,0,1,1,4294967295
bDefaultTiles,64,1152,128,96,32,32,0,1,1,4294967295
bDefaultTiles,32,1152,128,96,32,32,0,1,1,4294967295
bDefaultTiles,0,1152,128,96,32,32,0,1,1,4294967295
bDefaultTiles,0,1184,128,96,32,32,0,1,1,4294967295
bDefaultTiles,32,1184,128,96,32,32,0,1,1,4294967295
bDefaultTiles,64,1184,128,96,32,32,0,1,1,4294967295
bDefaultTiles,96,1184,128,96,32,32,0,1,1,4294967295
bDefaultTiles,128,1184,128,96,32,32,0,1,1,4294967295
bDefaultTiles,160,1184,128,96,32,32,0,1,1,4294967295
bDefaultTiles,192,1184,128,96,32,32,0,1,1,4294967295
bDefaultTiles,224,1184,128,96,32,32,0,1,1,4294967295
bDefaultTiles,256,1184,128,96,32,32,0,1,1,4294967295
bDefaultTiles,288,1184,128,96,32,32,0,1,1,4294967295
bDefaultTiles,320,1184,128,96,32,32,0,1,1,4294967295
bDefaultTiles,352,1184,128,96,32,32,0,1,1,4294967295
bDefaultTiles,384,1184,128,96,32,32,0,1,1,4294967295
bDefaultTiles,416,1184,128,96,32,32,0,1,1,4294967295
bDefaultTiles,448,1184,128,96,32,32,0,1,1,4294967295
bDefaultTiles,480,1184,128,96,32,32,0,1,1,4294967295
bDefaultTiles,512,1184,128,96,32,32,0,1,1,4294967295
bDefaultTiles,544,1184,128,96,32,32,0,1,1,4294967295
bDefaultTiles,576,1184,128,96,32,32,0,1,1,4294967295
bDefaultTiles,608,1184,128,96,32,32,0,1,1,4294967295
bDefaultTiles,640,1184,128,96,32,32,0,1,1,4294967295
bDefaultTiles,672,1184,128,96,32,32,0,1,1,4294967295
bDefaultTiles,704,1184,128,96,32,32,0,1,1,4294967295
bDefaultTiles,736,1184,128,96,32,32,0,1,1,4294967295
bDefaultTiles,768,1184,128,96,32,32,0,1,1,4294967295
bDefaultTiles,768,1152,128,96,32,32,0,1,1,4294967295
bDefaultTiles,736,1152,128,96,32,32,0,1,1,4294967295
bDefaultTiles,704,1152,128,96,32,32,0,1,1,4294967295
bDefaultTiles,672,1152,128,96,32,32,0,1,1,4294967295
bDefaultTiles,640,1152,128,96,32,32,0,1,1,4294967295
bDefaultTiles,608,1152,128,96,32,32,0,1,1,4294967295
bDefaultTiles,576,1152,128,96,32,32,0,1,1,4294967295
bDefaultTiles,544,1152,128,96,32,32,0,1,1,4294967295
bDefaultTiles,512,1152,128,96,32,32,0,1,1,4294967295
bDefaultTiles,480,1152,128,96,32,32,0,1,1,4294967295
bDefaultTiles,448,1152,128,96,32,32,0,1,1,4294967295
bDefaultTiles,416,1152,128,96,32,32,0,1,1,4294967295
bDefaultTiles,416,1120,128,96,32,32,0,1,1,4294967295
bDefaultTiles,448,1120,128,96,32,32,0,1,1,4294967295
bDefaultTiles,480,1120,128,96,32,32,0,1,1,4294967295
bDefaultTiles,512,1120,128,96,32,32,0,1,1,4294967295
bDefaultTiles,544,1120,128,96,32,32,0,1,1,4294967295
bDefaultTiles,576,1120,128,96,32,32,0,1,1,4294967295
bDefaultTiles,608,1120,128,96,32,32,0,1,1,4294967295
bDefaultTiles,640,1120,128,96,32,32,0,1,1,4294967295
bDefaultTiles,672,1120,128,96,32,32,0,1,1,4294967295
bDefaultTiles,704,1120,128,96,32,32,0,1,1,4294967295
bDefaultTiles,736,1120,128,96,32,32,0,1,1,4294967295
bDefaultTiles,768,1120,128,96,32,32,0,1,1,4294967295
bDefaultTiles,768,1088,128,96,32,32,0,1,1,4294967295
bDefaultTiles,768,1056,128,96,32,32,0,1,1,4294967295
bDefaultTiles,768,1024,128,96,32,32,0,1,1,4294967295
bDefaultTiles,768,992,128,96,32,32,0,1,1,4294967295
bDefaultTiles,736,992,128,96,32,32,0,1,1,4294967295
bDefaultTiles,736,960,128,96,32,32,0,1,1,4294967295
bDefaultTiles,704,960,128,96,32,32,0,1,1,4294967295
bDefaultTiles,672,960,128,96,32,32,0,1,1,4294967295
bDefaultTiles,640,960,128,96,32,32,0,1,1,4294967295
bDefaultTiles,608,960,128,96,32,32,0,1,1,4294967295
bDefaultTiles,576,960,128,96,32,32,0,1,1,4294967295
bDefaultTiles,544,960,128,96,32,32,0,1,1,4294967295
bDefaultTiles,512,960,128,96,32,32,0,1,1,4294967295
bDefaultTiles,480,960,128,96,32,32,0,1,1,4294967295
bDefaultTiles,448,960,128,96,32,32,0,1,1,4294967295
bDefaultTiles,416,960,128,96,32,32,0,1,1,4294967295
bDefaultTiles,416,992,128,96,32,32,0,1,1,4294967295
bDefaultTiles,416,1024,128,96,32,32,0,1,1,4294967295
bDefaultTiles,416,1056,128,96,32,32,0,1,1,4294967295
bDefaultTiles,416,1088,128,96,32,32,0,1,1,4294967295
bDefaultTiles,448,1088,128,96,32,32,0,1,1,4294967295
bDefaultTiles,480,1088,128,96,32,32,0,1,1,4294967295
bDefaultTiles,512,1088,128,96,32,32,0,1,1,4294967295
bDefaultTiles,544,1088,128,96,32,32,0,1,1,4294967295
bDefaultTiles,576,1088,128,96,32,32,0,1,1,4294967295
bDefaultTiles,608,1088,128,96,32,32,0,1,1,4294967295
bDefaultTiles,640,1088,128,96,32,32,0,1,1,4294967295
bDefaultTiles,672,1088,128,96,32,32,0,1,1,4294967295
bDefaultTiles,704,1088,128,96,32,32,0,1,1,4294967295
bDefaultTiles,736,1088,128,96,32,32,0,1,1,4294967295
bDefaultTiles,736,1056,128,96,32,32,0,1,1,4294967295
bDefaultTiles,736,1024,128,96,32,32,0,1,1,4294967295
bDefaultTiles,704,1024,128,96,32,32,0,1,1,4294967295
bDefaultTiles,704,1056,128,96,32,32,0,1,1,4294967295
bDefaultTiles,672,1056,128,96,32,32,0,1,1,4294967295
bDefaultTiles,672,1024,128,96,32,32,0,1,1,4294967295
bDefaultTiles,640,1024,128,96,32,32,0,1,1,4294967295
bDefaultTiles,640,1056,128,96,32,32,0,1,1,4294967295
bDefaultTiles,608,1056,128,96,32,32,0,1,1,4294967295
bDefaultTiles,608,1024,128,96,32,32,0,1,1,4294967295
bDefaultTiles,576,1024,128,96,32,32,0,1,1,4294967295
bDefaultTiles,576,1056,128,96,32,32,0,1,1,4294967295
bDefaultTiles,544,1056,128,96,32,32,0,1,1,4294967295
bDefaultTiles,544,1024,128,96,32,32,0,1,1,4294967295
bDefaultTiles,512,1024,128,96,32,32,0,1,1,4294967295
bDefaultTiles,512,1056,128,96,32,32,0,1,1,4294967295
bDefaultTiles,480,1056,128,96,32,32,0,1,1,4294967295
bDefaultTiles,480,1024,128,96,32,32,0,1,1,4294967295
bDefaultTiles,448,1056,128,96,32,32,0,1,1,4294967295
bDefaultTiles,448,1024,128,96,32,32,0,1,1,4294967295
bDefaultTiles,448,992,128,96,32,32,0,1,1,4294967295
bDefaultTiles,480,992,128,96,32,32,0,1,1,4294967295
bDefaultTiles,512,992,128,96,32,32,0,1,1,4294967295
bDefaultTiles,544,992,128,96,32,32,0,1,1,4294967295
bDefaultTiles,576,992,128,96,32,32,0,1,1,4294967295
bDefaultTiles,608,992,128,96,32,32,0,1,1,4294967295
bDefaultTiles,640,992,128,96,32,32,0,1,1,4294967295
bDefaultTiles,672,992,128,96,32,32,0,1,1,4294967295
bDefaultTiles,704,992,128,96,32,32,0,1,1,4294967295
bDefaultTiles,768,960,128,96,32,32,0,1,1,4294967295
bDefaultTiles,256,768,128,96,32,32,0,1,1,4294967295
bDefaultTiles,256,736,128,96,32,32,0,1,1,4294967295
bDefaultTiles,256,704,128,96,32,32,0,1,1,4294967295
bDefaultTiles,256,672,128,96,32,32,0,1,1,4294967295
bDefaultTiles,256,640,128,96,32,32,0,1,1,4294967295
bDefaultTiles,256,608,128,96,32,32,0,1,1,4294967295
bDefaultTiles,224,608,128,96,32,32,0,1,1,4294967295
bDefaultTiles,192,608,128,96,32,32,0,1,1,4294967295
bDefaultTiles,160,608,128,96,32,32,0,1,1,4294967295
bDefaultTiles,128,608,128,96,32,32,0,1,1,4294967295
bDefaultTiles,96,608,128,96,32,32,0,1,1,4294967295
bDefaultTiles,64,608,128,96,32,32,0,1,1,4294967295
bDefaultTiles,32,608,128,96,32,32,0,1,1,4294967295
bDefaultTiles,0,608,128,96,32,32,0,1,1,4294967295
bDefaultTiles,0,640,128,96,32,32,0,1,1,4294967295
bDefaultTiles,0,672,128,96,32,32,0,1,1,4294967295
bDefaultTiles,0,704,128,96,32,32,0,1,1,4294967295
bDefaultTiles,0,736,128,96,32,32,0,1,1,4294967295
bDefaultTiles,0,768,128,96,32,32,0,1,1,4294967295
bDefaultTiles,0,800,128,96,32,32,0,1,1,4294967295
bDefaultTiles,0,832,128,96,32,32,0,1,1,4294967295
bDefaultTiles,0,864,128,96,32,32,0,1,1,4294967295
bDefaultTiles,0,896,128,96,32,32,0,1,1,4294967295
bDefaultTiles,0,928,128,96,32,32,0,1,1,4294967295
bDefaultTiles,0,960,128,96,32,32,0,1,1,4294967295
bDefaultTiles,0,992,128,96,32,32,0,1,1,4294967295
bDefaultTiles,32,992,128,96,32,32,0,1,1,4294967295
bDefaultTiles,64,992,128,96,32,32,0,1,1,4294967295
bDefaultTiles,96,992,128,96,32,32,0,1,1,4294967295
bDefaultTiles,128,992,128,96,32,32,0,1,1,4294967295
bDefaultTiles,160,992,128,96,32,32,0,1,1,4294967295
bDefaultTiles,192,992,128,96,32,32,0,1,1,4294967295
bDefaultTiles,224,992,128,96,32,32,0,1,1,4294967295
bDefaultTiles,224,960,128,96,32,32,0,1,1,4294967295
bDefaultTiles,224,928,128,96,32,32,0,1,1,4294967295
bDefaultTiles,224,896,128,96,32,32,0,1,1,4294967295
bDefaultTiles,224,864,128,96,32,32,0,1,1,4294967295
bDefaultTiles,224,832,128,96,32,32,0,1,1,4294967295
bDefaultTiles,224,800,128,96,32,32,0,1,1,4294967295
bDefaultTiles,224,768,128,96,32,32,0,1,1,4294967295
bDefaultTiles,224,736,128,96,32,32,0,1,1,4294967295
bDefaultTiles,224,704,128,96,32,32,0,1,1,4294967295
bDefaultTiles,224,672,128,96,32,32,0,1,1,4294967295
bDefaultTiles,224,640,128,96,32,32,0,1,1,4294967295
bDefaultTiles,192,640,128,96,32,32,0,1,1,4294967295
bDefaultTiles,160,640,128,96,32,32,0,1,1,4294967295
bDefaultTiles,128,640,128,96,32,32,0,1,1,4294967295
bDefaultTiles,96,640,128,96,32,32,0,1,1,4294967295
bDefaultTiles,64,640,128,96,32,32,0,1,1,4294967295
bDefaultTiles,32,640,128,96,32,32,0,1,1,4294967295
bDefaultTiles,32,672,128,96,32,32,0,1,1,4294967295
bDefaultTiles,32,704,128,96,32,32,0,1,1,4294967295
bDefaultTiles,32,736,128,96,32,32,0,1,1,4294967295
bDefaultTiles,32,768,128,96,32,32,0,1,1,4294967295
bDefaultTiles,32,800,128,96,32,32,0,1,1,4294967295
bDefaultTiles,32,832,128,96,32,32,0,1,1,4294967295
bDefaultTiles,32,864,128,96,32,32,0,1,1,4294967295
bDefaultTiles,32,896,128,96,32,32,0,1,1,4294967295
bDefaultTiles,32,928,128,96,32,32,0,1,1,4294967295
bDefaultTiles,32,960,128,96,32,32,0,1,1,4294967295
bDefaultTiles,64,960,128,96,32,32,0,1,1,4294967295
bDefaultTiles,96,960,128,96,32,32,0,1,1,4294967295
bDefaultTiles,128,960,128,96,32,32,0,1,1,4294967295
bDefaultTiles,160,960,128,96,32,32,0,1,1,4294967295
bDefaultTiles,192,960,128,96,32,32,0,1,1,4294967295
bDefaultTiles,192,928,128,96,32,32,0,1,1,4294967295
bDefaultTiles,192,896,128,96,32,32,0,1,1,4294967295
bDefaultTiles,192,864,128,96,32,32,0,1,1,4294967295
bDefaultTiles,192,832,128,96,32,32,0,1,1,4294967295
bDefaultTiles,192,800,128,96,32,32,0,1,1,4294967295
bDefaultTiles,192,768,128,96,32,32,0,1,1,4294967295
bDefaultTiles,192,736,128,96,32,32,0,1,1,4294967295
bDefaultTiles,192,704,128,96,32,32,0,1,1,4294967295
bDefaultTiles,192,672,128,96,32,32,0,1,1,4294967295
bDefaultTiles,160,672,128,96,32,32,0,1,1,4294967295
bDefaultTiles,128,672,128,96,32,32,0,1,1,4294967295
bDefaultTiles,96,672,128,96,32,32,0,1,1,4294967295
bDefaultTiles,64,672,128,96,32,32,0,1,1,4294967295
bDefaultTiles,64,704,128,96,32,32,0,1,1,4294967295
bDefaultTiles,64,736,128,96,32,32,0,1,1,4294967295
bDefaultTiles,64,768,128,96,32,32,0,1,1,4294967295
bDefaultTiles,64,800,128,96,32,32,0,1,1,4294967295
bDefaultTiles,64,832,128,96,32,32,0,1,1,4294967295
bDefaultTiles,64,864,128,96,32,32,0,1,1,4294967295
bDefaultTiles,64,896,128,96,32,32,0,1,1,4294967295
bDefaultTiles,64,928,128,96,32,32,0,1,1,4294967295
bDefaultTiles,96,928,128,96,32,32,0,1,1,4294967295
bDefaultTiles,128,928,128,96,32,32,0,1,1,4294967295
bDefaultTiles,160,928,128,96,32,32,0,1,1,4294967295
bDefaultTiles,160,896,128,96,32,32,0,1,1,4294967295
bDefaultTiles,160,864,128,96,32,32,0,1,1,4294967295
bDefaultTiles,160,832,128,96,32,32,0,1,1,4294967295
bDefaultTiles,160,800,128,96,32,32,0,1,1,4294967295
bDefaultTiles,160,768,128,96,32,32,0,1,1,4294967295
bDefaultTiles,160,736,128,96,32,32,0,1,1,4294967295
bDefaultTiles,160,704,128,96,32,32,0,1,1,4294967295
bDefaultTiles,128,704,128,96,32,32,0,1,1,4294967295
bDefaultTiles,96,704,128,96,32,32,0,1,1,4294967295
bDefaultTiles,96,736,128,96,32,32,0,1,1,4294967295
bDefaultTiles,96,768,128,96,32,32,0,1,1,4294967295
bDefaultTiles,96,800,128,96,32,32,0,1,1,4294967295
bDefaultTiles,96,832,128,96,32,32,0,1,1,4294967295
bDefaultTiles,96,864,128,96,32,32,0,1,1,4294967295
bDefaultTiles,96,896,128,96,32,32,0,1,1,4294967295
bDefaultTiles,128,896,128,96,32,32,0,1,1,4294967295
bDefaultTiles,128,864,128,96,32,32,0,1,1,4294967295
bDefaultTiles,128,832,128,96,32,32,0,1,1,4294967295
bDefaultTiles,128,800,128,96,32,32,0,1,1,4294967295
bDefaultTiles,128,768,128,96,32,32,0,1,1,4294967295
bDefaultTiles,128,736,128,96,32,32,0,1,1,4294967295
bDefaultTiles,352,1152,128,64,32,32,0,1,1,4294967295
bDefaultTiles,320,1152,128,64,32,32,0,1,1,4294967295
bDefaultTiles,288,1152,128,64,32,32,0,1,1,4294967295
bDefaultTiles,256,1152,128,64,32,32,0,1,1,4294967295
bDefaultTiles,352,800,128,64,32,32,0,1,1,4294967295
bDefaultTiles,384,768,128,64,32,32,0,1,1,4294967295
bDefaultTiles,288,704,128,96,32,32,0,1,1,4294967295
bDefaultTiles,288,672,128,96,32,32,0,1,1,4294967295
bDefaultTiles,320,608,128,96,32,32,0,1,1,4294967295
bDefaultTiles,288,608,128,96,32,32,0,1,1,4294967295
bDefaultTiles,288,640,128,96,32,32,0,1,1,4294967295
bDefaultTiles,352,608,128,96,32,32,0,1,1,4294967295
bDefaultTiles,384,608,128,96,32,32,0,1,1,4294967295
bDefaultTiles,416,608,128,96,32,32,0,1,1,4294967295
bDefaultTiles,448,608,128,96,32,32,0,1,1,4294967295
bDefaultTiles,480,608,128,96,32,32,0,1,1,4294967295
bDefaultTiles,512,608,128,96,32,32,0,1,1,4294967295
bDefaultTiles,544,608,128,96,32,32,0,1,1,4294967295
bDefaultTiles,576,640,128,96,32,32,0,1,1,4294967295
bDefaultTiles,608,672,128,96,32,32,0,1,1,4294967295
bDefaultTiles,640,704,128,96,32,32,0,1,1,4294967295
bDefaultTiles,672,736,128,96,32,32,0,1,1,4294967295
bDefaultTiles,704,736,128,96,32,32,0,1,1,4294967295
bDefaultTiles,736,736,128,96,32,32,0,1,1,4294967295
bDefaultTiles,768,736,128,96,32,32,0,1,1,4294967295
bDefaultTiles,768,704,128,96,32,32,0,1,1,4294967295
bDefaultTiles,768,672,128,96,32,32,0,1,1,4294967295
bDefaultTiles,768,640,128,96,32,32,0,1,1,4294967295
bDefaultTiles,768,608,128,96,32,32,0,1,1,4294967295
bDefaultTiles,736,608,128,96,32,32,0,1,1,4294967295
bDefaultTiles,704,608,128,96,32,32,0,1,1,4294967295
bDefaultTiles,672,608,128,96,32,32,0,1,1,4294967295
bDefaultTiles,640,608,128,96,32,32,0,1,1,4294967295
bDefaultTiles,608,608,128,96,32,32,0,1,1,4294967295
bDefaultTiles,576,608,128,96,32,32,0,1,1,4294967295
bDefaultTiles,608,640,128,96,32,32,0,1,1,4294967295
bDefaultTiles,640,640,128,96,32,32,0,1,1,4294967295
bDefaultTiles,672,640,128,96,32,32,0,1,1,4294967295
bDefaultTiles,704,640,128,96,32,32,0,1,1,4294967295
bDefaultTiles,736,640,128,96,32,32,0,1,1,4294967295
bDefaultTiles,736,672,128,96,32,32,0,1,1,4294967295
bDefaultTiles,736,704,128,96,32,32,0,1,1,4294967295
bDefaultTiles,704,704,128,96,32,32,0,1,1,4294967295
bDefaultTiles,672,704,128,96,32,32,0,1,1,4294967295
bDefaultTiles,704,672,128,96,32,32,0,1,1,4294967295
bDefaultTiles,672,672,128,96,32,32,0,1,1,4294967295
bDefaultTiles,640,672,128,96,32,32,0,1,1,4294967295
bDefaultTiles,768,928,128,64,32,32,0,1,1,4294967295
bDefaultTiles,800,928,128,64,32,32,0,1,1,4294967295
bDefaultTiles,832,928,128,64,32,32,0,1,1,4294967295
bDefaultTiles,864,928,128,64,32,32,0,1,1,4294967295
bDefaultTiles,896,928,128,64,32,32,0,1,1,4294967295
bDefaultTiles,928,928,128,64,32,32,0,1,1,4294967295
bDefaultTiles,992,928,128,64,32,32,0,1,1,4294967295
bDefaultTiles,1024,960,128,64,32,32,0,1,1,4294967295
bDefaultTiles,1056,960,128,64,32,32,0,1,1,4294967295
bDefaultTiles,992,1120,128,64,32,32,0,1,1,4294967295
bDefaultTiles,1024,1120,128,64,32,32,0,1,1,4294967295
bDefaultTiles,1056,1120,128,64,32,32,0,1,1,4294967295
bDefaultTiles,1088,1120,128,64,32,32,0,1,1,4294967295
bDefaultTiles,1120,1120,128,64,32,32,0,1,1,4294967295
bDefaultTiles,1152,1120,128,64,32,32,0,1,1,4294967295
bDefaultTiles,1184,1152,128,64,32,32,0,1,1,4294967295
bDefaultTiles,1216,1120,128,64,32,32,0,1,1,4294967295
bDefaultTiles,1248,1120,128,64,32,32,0,1,1,4294967295
bDefaultTiles,1280,1088,128,64,32,32,0,1,1,4294967295
bDefaultTiles,1312,1056,128,64,32,32,0,1,1,4294967295
bDefaultTiles,1344,1056,128,64,32,32,0,1,1,4294967295
bDefaultTiles,1376,1024,128,64,32,32,0,1,1,4294967295
bDefaultTiles,1408,992,128,64,32,32,0,1,1,4294967295
bDefaultTiles,1280,768,128,64,32,32,0,1,1,4294967295
bDefaultTiles,1312,736,128,64,32,32,0,1,1,4294967295
bDefaultTiles,1344,736,128,64,32,32,0,1,1,4294967295
bDefaultTiles,800,736,128,96,32,32,0,1,1,4294967295
bDefaultTiles,832,736,128,96,32,32,0,1,1,4294967295
bDefaultTiles,864,736,128,96,32,32,0,1,1,4294967295
bDefaultTiles,896,736,128,96,32,32,0,1,1,4294967295
bDefaultTiles,896,768,128,96,32,32,0,1,1,4294967295
bDefaultTiles,928,768,128,96,32,32,0,1,1,4294967295
bDefaultTiles,960,768,128,96,32,32,0,1,1,4294967295
bDefaultTiles,992,768,128,96,32,32,0,1,1,4294967295
bDefaultTiles,1024,768,128,96,32,32,0,1,1,4294967295
bDefaultTiles,1024,800,128,96,32,32,0,1,1,4294967295
bDefaultTiles,1056,800,128,96,32,32,0,1,1,4294967295
bDefaultTiles,1088,800,128,96,32,32,0,1,1,4294967295
bDefaultTiles,1120,800,128,96,32,32,0,1,1,4294967295
bDefaultTiles,1120,832,128,96,32,32,0,1,1,4294967295
bDefaultTiles,1152,832,128,96,32,32,0,1,1,4294967295
bDefaultTiles,1152,864,128,96,32,32,0,1,1,4294967295
bDefaultTiles,1184,896,128,96,32,32,0,1,1,4294967295
bDefaultTiles,1184,928,128,96,32,32,0,1,1,4294967295
bDefaultTiles,1152,928,128,96,32,32,0,1,1,4294967295
bDefaultTiles,1152,960,128,96,32,32,0,1,1,4294967295
bDefaultTiles,1152,992,128,96,32,32,0,1,1,4294967295
bDefaultTiles,1184,992,128,96,32,32,0,1,1,4294967295
bDefaultTiles,1216,992,128,96,32,32,0,1,1,4294967295
bDefaultTiles,1216,928,128,96,32,32,0,1,1,4294967295
bDefaultTiles,1184,736,128,96,32,32,0,1,1,4294967295
bDefaultTiles,1184,704,128,96,32,32,0,1,1,4294967295
bDefaultTiles,1216,704,128,96,32,32,0,1,1,4294967295
bDefaultTiles,1216,672,128,96,32,32,0,1,1,4294967295
bDefaultTiles,1248,672,128,96,32,32,0,1,1,4294967295
bDefaultTiles,1248,640,128,96,32,32,0,1,1,4294967295
bDefaultTiles,1280,640,128,96,32,32,0,1,1,4294967295
bDefaultTiles,1312,608,128,96,32,32,0,1,1,4294967295
bDefaultTiles,1536,608,128,96,32,32,0,1,1,4294967295
bDefaultTiles,1504,608,128,96,32,32,0,1,1,4294967295
bDefaultTiles,1472,608,128,96,32,32,0,1,1,4294967295
bDefaultTiles,1440,608,128,96,32,32,0,1,1,4294967295
bDefaultTiles,1408,608,128,96,32,32,0,1,1,4294967295
bDefaultTiles,1376,608,128,96,32,32,0,1,1,4294967295
bDefaultTiles,1344,608,128,96,32,32,0,1,1,4294967295
bDefaultTiles,1376,736,128,64,32,32,0,1,1,4294967295
bDefaultTiles,1408,736,128,64,32,32,0,1,1,4294967295
bDefaultTiles,1440,736,128,64,32,32,0,1,1,4294967295
bDefaultTiles,1472,736,128,64,32,32,0,1,1,4294967295
bDefaultTiles,1504,736,128,64,32,32,0,1,1,4294967295
bDefaultTiles,1536,736,128,64,32,32,0,1,1,4294967295
bDefaultTiles,1568,736,128,64,32,32,0,1,1,4294967295
bDefaultTiles,1568,608,128,96,32,32,0,1,1,4294967295
bDefaultTiles,1280,608,128,96,32,32,0,1,1,4294967295
bDefaultTiles,1248,608,128,96,32,32,0,1,1,4294967295
bDefaultTiles,1216,608,128,96,32,32,0,1,1,4294967295
bDefaultTiles,1184,608,128,96,32,32,0,1,1,4294967295
bDefaultTiles,1152,608,128,96,32,32,0,1,1,4294967295
bDefaultTiles,1120,608,128,96,32,32,0,1,1,4294967295
bDefaultTiles,1088,608,128,96,32,32,0,1,1,4294967295
bDefaultTiles,1056,608,128,96,32,32,0,1,1,4294967295
bDefaultTiles,1024,608,128,96,32,32,0,1,1,4294967295
bDefaultTiles,992,608,128,96,32,32,0,1,1,4294967295
bDefaultTiles,960,608,128,96,32,32,0,1,1,4294967295
bDefaultTiles,928,608,128,96,32,32,0,1,1,4294967295
bDefaultTiles,896,608,128,96,32,32,0,1,1,4294967295
bDefaultTiles,864,608,128,96,32,32,0,1,1,4294967295
bDefaultTiles,832,608,128,96,32,32,0,1,1,4294967295
bDefaultTiles,800,608,128,96,32,32,0,1,1,4294967295
bDefaultTiles,800,640,128,96,32,32,0,1,1,4294967295
bDefaultTiles,800,672,128,96,32,32,0,1,1,4294967295
bDefaultTiles,800,704,128,96,32,32,0,1,1,4294967295
bDefaultTiles,832,704,128,96,32,32,0,1,1,4294967295
bDefaultTiles,864,704,128,96,32,32,0,1,1,4294967295
bDefaultTiles,896,704,128,96,32,32,0,1,1,4294967295
bDefaultTiles,928,704,128,96,32,32,0,1,1,4294967295
bDefaultTiles,928,736,128,96,32,32,0,1,1,4294967295
bDefaultTiles,960,736,128,96,32,32,0,1,1,4294967295
bDefaultTiles,992,736,128,96,32,32,0,1,1,4294967295
bDefaultTiles,1024,704,128,96,32,32,0,1,1,4294967295
bDefaultTiles,1056,704,128,96,32,32,0,1,1,4294967295
bDefaultTiles,1056,736,128,96,32,32,0,1,1,4294967295
bDefaultTiles,1088,736,128,96,32,32,0,1,1,4294967295
bDefaultTiles,1088,768,128,96,32,32,0,1,1,4294967295
bDefaultTiles,1120,768,128,96,32,32,0,1,1,4294967295
bDefaultTiles,1152,768,128,96,32,32,0,1,1,4294967295
bDefaultTiles,1184,768,128,96,32,32,0,1,1,4294967295
bDefaultTiles,1152,800,128,96,32,32,0,1,1,4294967295
bDefaultTiles,1056,768,128,96,32,32,0,1,1,4294967295
bDefaultTiles,1024,736,128,96,32,32,0,1,1,4294967295
bDefaultTiles,1152,736,128,96,32,32,0,1,1,4294967295
bDefaultTiles,1120,736,128,96,32,32,0,1,1,4294967295
bDefaultTiles,1120,704,128,96,32,32,0,1,1,4294967295
bDefaultTiles,1152,704,128,96,32,32,0,1,1,4294967295
bDefaultTiles,1088,704,128,96,32,32,0,1,1,4294967295
bDefaultTiles,992,704,128,96,32,32,0,1,1,4294967295
bDefaultTiles,960,704,128,96,32,32,0,1,1,4294967295
bDefaultTiles,1216,640,128,96,32,32,0,1,1,4294967295
bDefaultTiles,1184,640,128,96,32,32,0,1,1,4294967295
bDefaultTiles,1184,672,128,96,32,32,0,1,1,4294967295
bDefaultTiles,1152,672,128,96,32,32,0,1,1,4294967295
bDefaultTiles,1152,640,128,96,32,32,0,1,1,4294967295
bDefaultTiles,1120,640,128,96,32,32,0,1,1,4294967295
bDefaultTiles,1120,672,128,96,32,32,0,1,1,4294967295
bDefaultTiles,1088,672,128,96,32,32,0,1,1,4294967295
bDefaultTiles,1088,640,128,96,32,32,0,1,1,4294967295
bDefaultTiles,1056,640,128,96,32,32,0,1,1,4294967295
bDefaultTiles,1056,672,128,96,32,32,0,1,1,4294967295
bDefaultTiles,1024,672,128,96,32,32,0,1,1,4294967295
bDefaultTiles,1024,640,128,96,32,32,0,1,1,4294967295
bDefaultTiles,992,640,128,96,32,32,0,1,1,4294967295
bDefaultTiles,992,672,128,96,32,32,0,1,1,4294967295
bDefaultTiles,960,672,128,96,32,32,0,1,1,4294967295
bDefaultTiles,960,640,128,96,32,32,0,1,1,4294967295
bDefaultTiles,928,672,128,96,32,32,0,1,1,4294967295
bDefaultTiles,896,672,128,96,32,32,0,1,1,4294967295
bDefaultTiles,896,640,128,96,32,32,0,1,1,4294967295
bDefaultTiles,928,640,128,96,32,32,0,1,1,4294967295
bDefaultTiles,864,640,128,96,32,32,0,1,1,4294967295
bDefaultTiles,832,640,128,96,32,32,0,1,1,4294967295
bDefaultTiles,832,672,128,96,32,32,0,1,1,4294967295
bDefaultTiles,864,672,128,96,32,32,0,1,1,4294967295
bDefaultTiles,992,960,128,96,32,32,0,1,1,4294967295
bDefaultTiles,1056,992,128,96,32,32,0,1,1,4294967295
bDefaultTiles,1024,992,128,96,32,32,0,1,1,4294967295
bDefaultTiles,992,992,128,96,32,32,0,1,1,4294967295
bDefaultTiles,992,1024,128,96,32,32,0,1,1,4294967295
bDefaultTiles,960,1024,128,96,32,32,0,1,1,4294967295
bDefaultTiles,960,1120,128,96,32,32,0,1,1,4294967295
bDefaultTiles,960,1088,128,96,32,32,0,1,1,4294967295
bDefaultTiles,960,1056,128,96,32,32,0,1,1,4294967295
bDefaultTiles,1216,1152,128,96,32,32,0,1,1,4294967295
bDefaultTiles,1280,1120,128,96,32,32,0,1,1,4294967295
bDefaultTiles,1312,1088,128,96,32,32,0,1,1,4294967295
bDefaultTiles,1408,1024,128,96,32,32,0,1,1,4294967295
bDefaultTiles,1440,960,128,96,32,32,0,1,1,4294967295
bDefaultTiles,1440,992,128,96,32,32,0,1,1,4294967295
bDefaultTiles,1440,928,128,96,32,32,0,1,1,4294967295
bDefaultTiles,1376,896,128,96,32,32,0,1,1,4294967295
bDefaultTiles,1376,864,128,96,32,32,0,1,1,4294967295
bDefaultTiles,1344,864,128,96,32,32,0,1,1,4294967295
bDefaultTiles,1344,832,128,96,32,32,0,1,1,4294967295
bDefaultTiles,1312,768,128,96,32,32,0,1,1,4294967295
bDefaultTiles,1312,800,128,96,32,32,0,1,1,4294967295
bDefaultTiles,1344,768,128,96,32,32,0,1,1,4294967295
bDefaultTiles,1376,768,128,96,32,32,0,1,1,4294967295
bDefaultTiles,1408,768,128,96,32,32,0,1,1,4294967295
bDefaultTiles,1440,768,128,96,32,32,0,1,1,4294967295
bDefaultTiles,1472,768,128,96,32,32,0,1,1,4294967295
bDefaultTiles,1504,768,128,96,32,32,0,1,1,4294967295
bDefaultTiles,1536,768,128,96,32,32,0,1,1,4294967295
bDefaultTiles,1568,768,128,96,32,32,0,1,1,4294967295
bDefaultTiles,1568,800,128,96,32,32,0,1,1,4294967295
bDefaultTiles,1568,832,128,96,32,32,0,1,1,4294967295
bDefaultTiles,1568,864,128,96,32,32,0,1,1,4294967295
bDefaultTiles,1568,896,128,96,32,32,0,1,1,4294967295
bDefaultTiles,1568,928,128,96,32,32,0,1,1,4294967295
bDefaultTiles,1568,960,128,96,32,32,0,1,1,4294967295
bDefaultTiles,1568,992,128,96,32,32,0,1,1,4294967295
bDefaultTiles,1568,1024,128,96,32,32,0,1,1,4294967295
bDefaultTiles,1568,1056,128,96,32,32,0,1,1,4294967295
bDefaultTiles,1568,1088,128,96,32,32,0,1,1,4294967295
bDefaultTiles,1568,1120,128,96,32,32,0,1,1,4294967295
bDefaultTiles,1568,1152,128,96,32,32,0,1,1,4294967295
bDefaultTiles,1568,1184,128,96,32,32,0,1,1,4294967295
bDefaultTiles,1536,1184,128,96,32,32,0,1,1,4294967295
bDefaultTiles,1504,1184,128,96,32,32,0,1,1,4294967295
bDefaultTiles,1472,1184,128,96,32,32,0,1,1,4294967295
bDefaultTiles,1440,1184,128,96,32,32,0,1,1,4294967295
bDefaultTiles,1408,1184,128,96,32,32,0,1,1,4294967295
bDefaultTiles,1376,1184,128,96,32,32,0,1,1,4294967295
bDefaultTiles,1344,1184,128,96,32,32,0,1,1,4294967295
bDefaultTiles,1312,1184,128,96,32,32,0,1,1,4294967295
bDefaultTiles,1280,1184,128,96,32,32,0,1,1,4294967295
bDefaultTiles,1248,1184,128,96,32,32,0,1,1,4294967295
bDefaultTiles,1216,1184,128,96,32,32,0,1,1,4294967295
bDefaultTiles,1184,1184,128,96,32,32,0,1,1,4294967295
bDefaultTiles,1152,1184,128,96,32,32,0,1,1,4294967295
bDefaultTiles,1120,1184,128,96,32,32,0,1,1,4294967295
bDefaultTiles,1088,1184,128,96,32,32,0,1,1,4294967295
bDefaultTiles,1056,1184,128,96,32,32,0,1,1,4294967295
bDefaultTiles,1024,1184,128,96,32,32,0,1,1,4294967295
bDefaultTiles,992,1184,128,96,32,32,0,1,1,4294967295
bDefaultTiles,960,1184,128,96,32,32,0,1,1,4294967295
bDefaultTiles,928,1184,128,96,32,32,0,1,1,4294967295
bDefaultTiles,896,1184,128,96,32,32,0,1,1,4294967295
bDefaultTiles,896,1152,128,96,32,32,0,1,1,4294967295
bDefaultTiles,864,1152,128,96,32,32,0,1,1,4294967295
bDefaultTiles,864,1184,128,96,32,32,0,1,1,4294967295
bDefaultTiles,832,1184,128,96,32,32,0,1,1,4294967295
bDefaultTiles,800,1184,128,96,32,32,0,1,1,4294967295
bDefaultTiles,800,1152,128,96,32,32,0,1,1,4294967295
bDefaultTiles,800,1120,128,96,32,32,0,1,1,4294967295
bDefaultTiles,800,1088,128,96,32,32,0,1,1,4294967295
bDefaultTiles,800,1056,128,96,32,32,0,1,1,4294967295
bDefaultTiles,800,1024,128,96,32,32,0,1,1,4294967295
bDefaultTiles,800,992,128,96,32,32,0,1,1,4294967295
bDefaultTiles,800,960,128,96,32,32,0,1,1,4294967295
bDefaultTiles,832,960,128,96,32,32,0,1,1,4294967295
bDefaultTiles,864,960,128,96,32,32,0,1,1,4294967295
bDefaultTiles,896,960,128,96,32,32,0,1,1,4294967295
bDefaultTiles,928,960,128,96,32,32,0,1,1,4294967295
bDefaultTiles,960,960,128,96,32,32,0,1,1,4294967295
bDefaultTiles,960,992,128,96,32,32,0,1,1,4294967295
bDefaultTiles,928,992,128,96,32,32,0,1,1,4294967295
bDefaultTiles,896,992,128,96,32,32,0,1,1,4294967295
bDefaultTiles,864,992,128,96,32,32,0,1,1,4294967295
bDefaultTiles,832,992,128,96,32,32,0,1,1,4294967295
bDefaultTiles,832,1024,128,96,32,32,0,1,1,4294967295
bDefaultTiles,832,1056,128,96,32,32,0,1,1,4294967295
bDefaultTiles,832,1088,128,96,32,32,0,1,1,4294967295
bDefaultTiles,832,1120,128,96,32,32,0,1,1,4294967295
bDefaultTiles,832,1152,128,96,32,32,0,1,1,4294967295
bDefaultTiles,864,1120,128,96,32,32,0,1,1,4294967295
bDefaultTiles,864,1088,128,96,32,32,0,1,1,4294967295
bDefaultTiles,864,1056,128,96,32,32,0,1,1,4294967295
bDefaultTiles,864,1024,128,96,32,32,0,1,1,4294967295
bDefaultTiles,896,1024,128,96,32,32,0,1,1,4294967295
bDefaultTiles,928,1024,128,96,32,32,0,1,1,4294967295
bDefaultTiles,928,1056,128,96,32,32,0,1,1,4294967295
bDefaultTiles,896,1056,128,96,32,32,0,1,1,4294967295
bDefaultTiles,896,1088,128,96,32,32,0,1,1,4294967295
bDefaultTiles,928,1088,128,96,32,32,0,1,1,4294967295
bDefaultTiles,928,1120,128,96,32,32,0,1,1,4294967295
bDefaultTiles,896,1120,128,96,32,32,0,1,1,4294967295
bDefaultTiles,928,1152,128,96,32,32,0,1,1,4294967295
bDefaultTiles,960,1152,128,96,32,32,0,1,1,4294967295
bDefaultTiles,992,1152,128,96,32,32,0,1,1,4294967295
bDefaultTiles,1024,1152,128,96,32,32,0,1,1,4294967295
bDefaultTiles,1056,1152,128,96,32,32,0,1,1,4294967295
bDefaultTiles,1088,1152,128,96,32,32,0,1,1,4294967295
bDefaultTiles,1120,1152,128,96,32,32,0,1,1,4294967295
bDefaultTiles,1152,1152,128,96,32,32,0,1,1,4294967295
bDefaultTiles,1248,1152,128,96,32,32,0,1,1,4294967295
bDefaultTiles,1280,1152,128,96,32,32,0,1,1,4294967295
bDefaultTiles,1312,1152,128,96,32,32,0,1,1,4294967295
bDefaultTiles,1344,1152,128,96,32,32,0,1,1,4294967295
bDefaultTiles,1376,1152,128,96,32,32,0,1,1,4294967295
bDefaultTiles,1408,1152,128,96,32,32,0,1,1,4294967295
bDefaultTiles,1440,1152,128,96,32,32,0,1,1,4294967295
bDefaultTiles,1472,1152,128,96,32,32,0,1,1,4294967295
bDefaultTiles,1504,1152,128,96,32,32,0,1,1,4294967295
bDefaultTiles,1536,1152,128,96,32,32,0,1,1,4294967295
bDefaultTiles,1536,1120,128,96,32,32,0,1,1,4294967295
bDefaultTiles,1536,1088,128,96,32,32,0,1,1,4294967295
bDefaultTiles,1536,1056,128,96,32,32,0,1,1,4294967295
bDefaultTiles,1536,1024,128,96,32,32,0,1,1,4294967295
bDefaultTiles,1536,992,128,96,32,32,0,1,1,4294967295
bDefaultTiles,1536,960,128,96,32,32,0,1,1,4294967295
bDefaultTiles,1536,928,128,96,32,32,0,1,1,4294967295
bDefaultTiles,1536,896,128,96,32,32,0,1,1,4294967295
bDefaultTiles,1536,864,128,96,32,32,0,1,1,4294967295
bDefaultTiles,1536,832,128,96,32,32,0,1,1,4294967295
bDefaultTiles,1536,800,128,96,32,32,0,1,1,4294967295
bDefaultTiles,1504,800,128,96,32,32,0,1,1,4294967295
bDefaultTiles,1472,800,128,96,32,32,0,1,1,4294967295
bDefaultTiles,1440,800,128,96,32,32,0,1,1,4294967295
bDefaultTiles,1408,800,128,96,32,32,0,1,1,4294967295
bDefaultTiles,1376,800,128,96,32,32,0,1,1,4294967295
bDefaultTiles,1344,800,128,96,32,32,0,1,1,4294967295
bDefaultTiles,1376,832,128,96,32,32,0,1,1,4294967295
bDefaultTiles,1408,832,128,96,32,32,0,1,1,4294967295
bDefaultTiles,1440,832,128,96,32,32,0,1,1,4294967295
bDefaultTiles,1472,832,128,96,32,32,0,1,1,4294967295
bDefaultTiles,1504,832,128,96,32,32,0,1,1,4294967295
bDefaultTiles,1504,864,128,96,32,32,0,1,1,4294967295
bDefaultTiles,1472,864,128,96,32,32,0,1,1,4294967295
bDefaultTiles,1440,864,128,96,32,32,0,1,1,4294967295
bDefaultTiles,1408,864,128,96,32,32,0,1,1,4294967295
bDefaultTiles,1408,896,128,96,32,32,0,1,1,4294967295
bDefaultTiles,1440,896,128,96,32,32,0,1,1,4294967295
bDefaultTiles,1472,896,128,96,32,32,0,1,1,4294967295
bDefaultTiles,1504,896,128,96,32,32,0,1,1,4294967295
bDefaultTiles,1504,928,128,96,32,32,0,1,1,4294967295
bDefaultTiles,1472,928,128,96,32,32,0,1,1,4294967295
bDefaultTiles,1472,960,128,96,32,32,0,1,1,4294967295
bDefaultTiles,1504,960,128,96,32,32,0,1,1,4294967295
bDefaultTiles,1504,992,128,96,32,32,0,1,1,4294967295
bDefaultTiles,1472,992,128,96,32,32,0,1,1,4294967295
bDefaultTiles,1472,1024,128,96,32,32,0,1,1,4294967295
bDefaultTiles,1440,1024,128,96,32,32,0,1,1,4294967295
bDefaultTiles,1440,1056,128,96,32,32,0,1,1,4294967295
bDefaultTiles,1472,1056,128,96,32,32,0,1,1,4294967295
bDefaultTiles,1504,1024,128,96,32,32,0,1,1,4294967295
bDefaultTiles,1504,1056,128,96,32,32,0,1,1,4294967295
bDefaultTiles,1504,1088,128,96,32,32,0,1,1,4294967295
bDefaultTiles,1504,1120,128,96,32,32,0,1,1,4294967295
bDefaultTiles,1472,1120,128,96,32,32,0,1,1,4294967295
bDefaultTiles,1472,1088,128,96,32,32,0,1,1,4294967295
bDefaultTiles,1440,1088,128,96,32,32,0,1,1,4294967295
bDefaultTiles,1440,1120,128,96,32,32,0,1,1,4294967295
bDefaultTiles,1408,1120,128,96,32,32,0,1,1,4294967295
bDefaultTiles,1408,1088,128,96,32,32,0,1,1,4294967295
bDefaultTiles,1408,1056,128,96,32,32,0,1,1,4294967295
bDefaultTiles,1376,1056,128,96,32,32,0,1,1,4294967295
bDefaultTiles,1376,1088,128,96,32,32,0,1,1,4294967295
bDefaultTiles,1344,1088,128,96,32,32,0,1,1,4294967295
bDefaultTiles,1312,1120,128,96,32,32,0,1,1,4294967295
bDefaultTiles,1344,1120,128,96,32,32,0,1,1,4294967295
bDefaultTiles,1376,1120,128,96,32,32,0,1,1,4294967295
bDefaultTiles,1216,960,128,96,32,32,0,1,1,4294967295
bDefaultTiles,1184,960,128,96,32,32,0,1,1,4294967295
bDefaultTiles,1152,896,128,96,32,32,0,1,1,4294967295
bDefaultTiles,1120,864,128,96,32,32,0,1,1,4294967295
bDefaultTiles,1088,832,128,96,32,32,0,1,1,4294967295
bDefaultTiles,1216,896,128,64,32,32,0,1,1,4294967295
bDefaultTiles,1184,864,128,64,32,32,0,1,1,4294967295
bDefaultTiles,1408,928,128,96,32,32,0,1,1,4294967295
bDefaultTiles,960,928,128,96,32,32,0,1,1,4294967295
bDefaultTiles,960,896,128,64,32,32,0,1,1,4294967295
bDefaultTiles,1280,960,128,64,32,32,0,1,1,4294967295
bDefaultTiles,1280,800,128,96,32,32,0,1,1,4294967295
bDefaultTiles,1600,736,128,64,32,32,0,1,1,4294967295
bDefaultTiles,1632,736,128,64,32,32,0,1,1,4294967295
bDefaultTiles,1664,736,128,64,32,32,0,1,1,4294967295
bDefaultTiles,1696,736,128,64,32,32,0,1,1,4294967295
bDefaultTiles,1728,736,128,64,32,32,0,1,1,4294967295
bDefaultTiles,1760,736,128,64,32,32,0,1,1,4294967295
bDefaultTiles,1792,736,128,64,32,32,0,1,1,4294967295
bDefaultTiles,1824,704,128,64,32,32,0,1,1,4294967295
bDefaultTiles,1856,704,128,64,32,32,0,1,1,4294967295
bDefaultTiles,1888,704,128,64,32,32,0,1,1,4294967295
bDefaultTiles,1920,672,128,64,32,32,0,1,1,4294967295
bDefaultTiles,1952,672,128,64,32,32,0,1,1,4294967295
bDefaultTiles,1984,640,128,64,32,32,0,1,1,4294967295
bDefaultTiles,1600,608,128,96,32,32,0,1,1,4294967295
bDefaultTiles,1632,608,128,96,32,32,0,1,1,4294967295
bDefaultTiles,1664,608,128,96,32,32,0,1,1,4294967295
bDefaultTiles,1696,576,128,96,32,32,0,1,1,4294967295
bDefaultTiles,1728,576,128,96,32,32,0,1,1,4294967295
bDefaultTiles,1760,576,128,96,32,32,0,1,1,4294967295
bDefaultTiles,1760,544,128,96,32,32,0,1,1,4294967295
bDefaultTiles,1792,544,128,96,32,32,0,1,1,4294967295
bDefaultTiles,1824,512,128,96,32,32,0,1,1,4294967295
bDefaultTiles,1856,480,128,96,32,32,0,1,1,4294967295
bDefaultTiles,1856,448,128,96,32,32,0,1,1,4294967295
bDefaultTiles,1888,416,128,96,32,32,0,1,1,4294967295
bDefaultTiles,1888,384,128,96,32,32,0,1,1,4294967295
bDefaultTiles,1920,352,128,96,32,32,0,1,1,4294967295
bDefaultTiles,1920,320,128,96,32,32,0,1,1,4294967295
bDefaultTiles,1920,288,128,96,32,32,0,1,1,4294967295
bDefaultTiles,1920,256,128,96,32,32,0,1,1,4294967295
bDefaultTiles,1920,224,128,96,32,32,0,1,1,4294967295
bDefaultTiles,1920,192,128,96,32,32,0,1,1,4294967295
bDefaultTiles,1920,160,128,96,32,32,0,1,1,4294967295
bDefaultTiles,1920,128,128,96,32,32,0,1,1,4294967295
bDefaultTiles,1920,96,128,96,32,32,0,1,1,4294967295
bDefaultTiles,1920,64,128,96,32,32,0,1,1,4294967295
bDefaultTiles,1920,32,128,96,32,32,0,1,1,4294967295
bDefaultTiles,1920,0,128,96,32,32,0,1,1,4294967295
bDefaultTiles,2176,384,128,96,32,32,0,1,1,4294967295
bDefaultTiles,2176,352,128,96,32,32,0,1,1,4294967295
bDefaultTiles,2176,320,128,96,32,32,0,1,1,4294967295
bDefaultTiles,2176,288,128,96,32,32,0,1,1,4294967295
bDefaultTiles,2176,256,128,96,32,32,0,1,1,4294967295
bDefaultTiles,2176,224,128,96,32,32,0,1,1,4294967295
bDefaultTiles,2176,192,128,96,32,32,0,1,1,4294967295
bDefaultTiles,2176,160,128,96,32,32,0,1,1,4294967295
bDefaultTiles,2176,128,128,96,32,32,0,1,1,4294967295
bDefaultTiles,2176,96,128,96,32,32,0,1,1,4294967295
bDefaultTiles,2176,64,128,96,32,32,0,1,1,4294967295
bDefaultTiles,2176,32,128,96,32,32,0,1,1,4294967295
bDefaultTiles,2176,0,128,96,32,32,0,1,1,4294967295
bDefaultTiles,1600,768,128,96,32,32,0,1,1,4294967295
bDefaultTiles,1632,768,128,96,32,32,0,1,1,4294967295
bDefaultTiles,1664,768,128,96,32,32,0,1,1,4294967295
bDefaultTiles,1696,768,128,96,32,32,0,1,1,4294967295
bDefaultTiles,1728,768,128,96,32,32,0,1,1,4294967295
bDefaultTiles,1760,768,128,96,32,32,0,1,1,4294967295
bDefaultTiles,1792,768,128,96,32,32,0,1,1,4294967295
bDefaultTiles,1824,768,128,96,32,32,0,1,1,4294967295
bDefaultTiles,1856,768,128,96,32,32,0,1,1,4294967295
bDefaultTiles,1888,768,128,96,32,32,0,1,1,4294967295
bDefaultTiles,1920,768,128,96,32,32,0,1,1,4294967295
bDefaultTiles,1952,768,128,96,32,32,0,1,1,4294967295
bDefaultTiles,1984,768,128,96,32,32,0,1,1,4294967295
bDefaultTiles,2016,768,128,96,32,32,0,1,1,4294967295
bDefaultTiles,2048,768,128,96,32,32,0,1,1,4294967295
bDefaultTiles,2080,768,128,96,32,32,0,1,1,4294967295
bDefaultTiles,2112,768,128,96,32,32,0,1,1,4294967295
bDefaultTiles,2144,768,128,96,32,32,0,1,1,4294967295
bDefaultTiles,2176,768,128,96,32,32,0,1,1,4294967295
bDefaultTiles,2208,768,128,96,32,32,0,1,1,4294967295
bDefaultTiles,2240,768,128,96,32,32,0,1,1,4294967295
bDefaultTiles,2272,768,128,96,32,32,0,1,1,4294967295
bDefaultTiles,2304,768,128,96,32,32,0,1,1,4294967295
bDefaultTiles,2336,768,128,96,32,32,0,1,1,4294967295
bDefaultTiles,2368,768,128,96,32,32,0,1,1,4294967295
bDefaultTiles,2368,800,128,96,32,32,0,1,1,4294967295
bDefaultTiles,2368,832,128,96,32,32,0,1,1,4294967295
bDefaultTiles,2368,864,128,96,32,32,0,1,1,4294967295
bDefaultTiles,2368,896,128,96,32,32,0,1,1,4294967295
bDefaultTiles,2368,928,128,96,32,32,0,1,1,4294967295
bDefaultTiles,2368,960,128,96,32,32,0,1,1,4294967295
bDefaultTiles,2368,992,128,96,32,32,0,1,1,4294967295
bDefaultTiles,2368,1024,128,96,32,32,0,1,1,4294967295
bDefaultTiles,2368,1056,128,96,32,32,0,1,1,4294967295
bDefaultTiles,2368,1088,128,96,32,32,0,1,1,4294967295
bDefaultTiles,2368,1120,128,96,32,32,0,1,1,4294967295
bDefaultTiles,2368,1152,128,96,32,32,0,1,1,4294967295
bDefaultTiles,2368,1184,128,96,32,32,0,1,1,4294967295
bDefaultTiles,2336,1184,128,96,32,32,0,1,1,4294967295
bDefaultTiles,2304,1184,128,96,32,32,0,1,1,4294967295
bDefaultTiles,2272,1184,128,96,32,32,0,1,1,4294967295
bDefaultTiles,2240,1184,128,96,32,32,0,1,1,4294967295
bDefaultTiles,2208,1184,128,96,32,32,0,1,1,4294967295
bDefaultTiles,2176,1184,128,96,32,32,0,1,1,4294967295
bDefaultTiles,2144,1184,128,96,32,32,0,1,1,4294967295
bDefaultTiles,2080,1184,128,96,32,32,0,1,1,4294967295
bDefaultTiles,2048,1184,128,96,32,32,0,1,1,4294967295
bDefaultTiles,2016,1184,128,96,32,32,0,1,1,4294967295
bDefaultTiles,1984,1184,128,96,32,32,0,1,1,4294967295
bDefaultTiles,1952,1184,128,96,32,32,0,1,1,4294967295
bDefaultTiles,1920,1184,128,96,32,32,0,1,1,4294967295
bDefaultTiles,1888,1184,128,96,32,32,0,1,1,4294967295
bDefaultTiles,1856,1184,128,96,32,32,0,1,1,4294967295
bDefaultTiles,1824,1184,128,96,32,32,0,1,1,4294967295
bDefaultTiles,1792,1184,128,96,32,32,0,1,1,4294967295
bDefaultTiles,1760,1184,128,96,32,32,0,1,1,4294967295
bDefaultTiles,1728,1184,128,96,32,32,0,1,1,4294967295
bDefaultTiles,1696,1184,128,96,32,32,0,1,1,4294967295
bDefaultTiles,1664,1184,128,96,32,32,0,1,1,4294967295
bDefaultTiles,1632,1184,128,96,32,32,0,1,1,4294967295
bDefaultTiles,1600,1184,128,96,32,32,0,1,1,4294967295
bDefaultTiles,1600,1152,128,96,32,32,0,1,1,4294967295
bDefaultTiles,1600,1120,128,96,32,32,0,1,1,4294967295
bDefaultTiles,1600,1088,128,96,32,32,0,1,1,4294967295
bDefaultTiles,1600,1056,128,96,32,32,0,1,1,4294967295
bDefaultTiles,1600,1024,128,96,32,32,0,1,1,4294967295
bDefaultTiles,1600,992,128,96,32,32,0,1,1,4294967295
bDefaultTiles,1600,960,128,96,32,32,0,1,1,4294967295
bDefaultTiles,1600,928,128,96,32,32,0,1,1,4294967295
bDefaultTiles,1600,896,128,96,32,32,0,1,1,4294967295
bDefaultTiles,1600,864,128,96,32,32,0,1,1,4294967295
bDefaultTiles,1600,832,128,96,32,32,0,1,1,4294967295
bDefaultTiles,1600,800,128,96,32,32,0,1,1,4294967295
bDefaultTiles,1632,800,128,96,32,32,0,1,1,4294967295
bDefaultTiles,1664,800,128,96,32,32,0,1,1,4294967295
bDefaultTiles,1696,800,128,96,32,32,0,1,1,4294967295
bDefaultTiles,1728,800,128,96,32,32,0,1,1,4294967295
bDefaultTiles,1760,800,128,96,32,32,0,1,1,4294967295
bDefaultTiles,1792,800,128,96,32,32,0,1,1,4294967295
bDefaultTiles,1824,800,128,96,32,32,0,1,1,4294967295
bDefaultTiles,1856,800,128,96,32,32,0,1,1,4294967295
bDefaultTiles,1888,800,128,96,32,32,0,1,1,4294967295
bDefaultTiles,1920,800,128,96,32,32,0,1,1,4294967295
bDefaultTiles,1952,800,128,96,32,32,0,1,1,4294967295
bDefaultTiles,1984,800,128,96,32,32,0,1,1,4294967295
bDefaultTiles,2016,800,128,96,32,32,0,1,1,4294967295
bDefaultTiles,2048,800,128,96,32,32,0,1,1,4294967295
bDefaultTiles,2080,832,128,96,32,32,0,1,1,4294967295
bDefaultTiles,2112,832,128,96,32,32,0,1,1,4294967295
bDefaultTiles,2144,832,128,96,32,32,0,1,1,4294967295
bDefaultTiles,2176,832,128,96,32,32,0,1,1,4294967295
bDefaultTiles,2208,832,128,96,32,32,0,1,1,4294967295
bDefaultTiles,2208,800,128,96,32,32,0,1,1,4294967295
bDefaultTiles,2240,800,128,96,32,32,0,1,1,4294967295
bDefaultTiles,2272,800,128,96,32,32,0,1,1,4294967295
bDefaultTiles,2304,800,128,96,32,32,0,1,1,4294967295
bDefaultTiles,2336,800,128,96,32,32,0,1,1,4294967295
bDefaultTiles,2336,832,128,96,32,32,0,1,1,4294967295
bDefaultTiles,2336,864,128,96,32,32,0,1,1,4294967295
bDefaultTiles,2336,896,128,96,32,32,0,1,1,4294967295
bDefaultTiles,2336,928,128,96,32,32,0,1,1,4294967295
bDefaultTiles,2336,960,128,96,32,32,0,1,1,4294967295
bDefaultTiles,2336,992,128,96,32,32,0,1,1,4294967295
bDefaultTiles,2336,1024,128,96,32,32,0,1,1,4294967295
bDefaultTiles,2336,1056,128,96,32,32,0,1,1,4294967295
bDefaultTiles,2336,1088,128,96,32,32,0,1,1,4294967295
bDefaultTiles,2336,1120,128,96,32,32,0,1,1,4294967295
bDefaultTiles,2336,1152,128,96,32,32,0,1,1,4294967295
bDefaultTiles,2304,1152,128,96,32,32,0,1,1,4294967295
bDefaultTiles,2272,1152,128,96,32,32,0,1,1,4294967295
bDefaultTiles,2240,1152,128,96,32,32,0,1,1,4294967295
bDefaultTiles,2208,1152,128,96,32,32,0,1,1,4294967295
bDefaultTiles,2176,1152,128,96,32,32,0,1,1,4294967295
bDefaultTiles,2144,1152,128,96,32,32,0,1,1,4294967295
bDefaultTiles,2112,1152,128,96,32,32,0,1,1,4294967295
bDefaultTiles,2112,1184,128,96,32,32,0,1,1,4294967295
bDefaultTiles,2080,1152,128,96,32,32,0,1,1,4294967295
bDefaultTiles,2048,1152,128,96,32,32,0,1,1,4294967295
bDefaultTiles,2016,1152,128,96,32,32,0,1,1,4294967295
bDefaultTiles,1984,1152,128,96,32,32,0,1,1,4294967295
bDefaultTiles,1952,1152,128,96,32,32,0,1,1,4294967295
bDefaultTiles,1920,1152,128,96,32,32,0,1,1,4294967295
bDefaultTiles,1888,1152,128,96,32,32,0,1,1,4294967295
bDefaultTiles,1856,1152,128,96,32,32,0,1,1,4294967295
bDefaultTiles,1824,1152,128,96,32,32,0,1,1,4294967295
bDefaultTiles,1792,1152,128,96,32,32,0,1,1,4294967295
bDefaultTiles,1760,1152,128,96,32,32,0,1,1,4294967295
bDefaultTiles,1728,1152,128,96,32,32,0,1,1,4294967295
bDefaultTiles,1696,1152,128,96,32,32,0,1,1,4294967295
bDefaultTiles,1664,1152,128,96,32,32,0,1,1,4294967295
bDefaultTiles,1632,1152,128,96,32,32,0,1,1,4294967295
bDefaultTiles,1632,1120,128,96,32,32,0,1,1,4294967295
bDefaultTiles,1664,1120,128,96,32,32,0,1,1,4294967295
bDefaultTiles,1696,1120,128,96,32,32,0,1,1,4294967295
bDefaultTiles,1728,1120,128,96,32,32,0,1,1,4294967295
bDefaultTiles,1760,1120,128,96,32,32,0,1,1,4294967295
bDefaultTiles,1792,1120,128,96,32,32,0,1,1,4294967295
bDefaultTiles,1824,1120,128,96,32,32,0,1,1,4294967295
bDefaultTiles,1856,1120,128,96,32,32,0,1,1,4294967295
bDefaultTiles,1920,1088,128,96,32,32,0,1,1,4294967295
bDefaultTiles,1952,1088,128,96,32,32,0,1,1,4294967295
bDefaultTiles,1984,1088,128,96,32,32,0,1,1,4294967295
bDefaultTiles,2016,1088,128,96,32,32,0,1,1,4294967295
bDefaultTiles,2048,1088,128,96,32,32,0,1,1,4294967295
bDefaultTiles,2080,1088,128,96,32,32,0,1,1,4294967295
bDefaultTiles,2048,1120,128,96,32,32,0,1,1,4294967295
bDefaultTiles,2016,1120,128,96,32,32,0,1,1,4294967295
bDefaultTiles,1984,1120,128,96,32,32,0,1,1,4294967295
bDefaultTiles,1952,1120,128,96,32,32,0,1,1,4294967295
bDefaultTiles,1920,1120,128,96,32,32,0,1,1,4294967295
bDefaultTiles,1888,1120,128,96,32,32,0,1,1,4294967295
bDefaultTiles,2080,1120,128,96,32,32,0,1,1,4294967295
bDefaultTiles,2112,1120,128,96,32,32,0,1,1,4294967295
bDefaultTiles,2144,1120,128,96,32,32,0,1,1,4294967295
bDefaultTiles,2176,1120,128,96,32,32,0,1,1,4294967295
bDefaultTiles,2208,1120,128,96,32,32,0,1,1,4294967295
bDefaultTiles,2240,1120,128,96,32,32,0,1,1,4294967295
bDefaultTiles,2272,1088,128,96,32,32,0,1,1,4294967295
bDefaultTiles,2304,1088,128,96,32,32,0,1,1,4294967295
bDefaultTiles,2304,1120,128,96,32,32,0,1,1,4294967295
bDefaultTiles,2272,1120,128,96,32,32,0,1,1,4294967295
bDefaultTiles,2240,1088,128,96,32,32,0,1,1,4294967295
bDefaultTiles,2208,1088,128,96,32,32,0,1,1,4294967295
bDefaultTiles,2176,1088,128,96,32,32,0,1,1,4294967295
bDefaultTiles,2144,1088,128,96,32,32,0,1,1,4294967295
bDefaultTiles,2112,1088,128,96,32,32,0,1,1,4294967295
bDefaultTiles,1888,1088,128,96,32,32,0,1,1,4294967295
bDefaultTiles,1856,1088,128,96,32,32,0,1,1,4294967295
bDefaultTiles,1824,1088,128,96,32,32,0,1,1,4294967295
bDefaultTiles,1792,1088,128,96,32,32,0,1,1,4294967295
bDefaultTiles,1728,1088,128,96,32,32,0,1,1,4294967295
bDefaultTiles,1696,1088,128,96,32,32,0,1,1,4294967295
bDefaultTiles,1664,1088,128,96,32,32,0,1,1,4294967295
bDefaultTiles,1632,1088,128,96,32,32,0,1,1,4294967295
bDefaultTiles,1632,1056,128,96,32,32,0,1,1,4294967295
bDefaultTiles,1664,1056,128,96,32,32,0,1,1,4294967295
bDefaultTiles,1696,1056,128,96,32,32,0,1,1,4294967295
bDefaultTiles,1728,1056,128,96,32,32,0,1,1,4294967295
bDefaultTiles,1760,1056,128,96,32,32,0,1,1,4294967295
bDefaultTiles,1760,1088,128,96,32,32,0,1,1,4294967295
bDefaultTiles,1792,1056,128,96,32,32,0,1,1,4294967295
bDefaultTiles,1824,1056,128,96,32,32,0,1,1,4294967295
bDefaultTiles,1856,1056,128,96,32,32,0,1,1,4294967295
bDefaultTiles,1888,1056,128,96,32,32,0,1,1,4294967295
bDefaultTiles,1920,1056,128,96,32,32,0,1,1,4294967295
bDefaultTiles,1952,1056,128,96,32,32,0,1,1,4294967295
bDefaultTiles,1984,1056,128,96,32,32,0,1,1,4294967295
bDefaultTiles,2016,1056,128,96,32,32,0,1,1,4294967295
bDefaultTiles,2048,1056,128,96,32,32,0,1,1,4294967295
bDefaultTiles,2080,1056,128,96,32,32,0,1,1,4294967295
bDefaultTiles,2112,1056,128,96,32,32,0,1,1,4294967295
bDefaultTiles,2144,1056,128,96,32,32,0,1,1,4294967295
bDefaultTiles,2176,1056,128,96,32,32,0,1,1,4294967295
bDefaultTiles,2208,1056,128,96,32,32,0,1,1,4294967295
bDefaultTiles,2240,1056,128,96,32,32,0,1,1,4294967295
bDefaultTiles,2272,1056,128,96,32,32,0,1,1,4294967295
bDefaultTiles,2304,1056,128,96,32,32,0,1,1,4294967295
bDefaultTiles,2304,1024,128,96,32,32,0,1,1,4294967295
bDefaultTiles,2272,1024,128,96,32,32,0,1,1,4294967295
bDefaultTiles,2240,1024,128,96,32,32,0,1,1,4294967295
bDefaultTiles,2208,1024,128,96,32,32,0,1,1,4294967295
bDefaultTiles,2176,1024,128,96,32,32,0,1,1,4294967295
bDefaultTiles,2144,1024,128,96,32,32,0,1,1,4294967295
bDefaultTiles,2112,1024,128,96,32,32,0,1,1,4294967295
bDefaultTiles,2080,1024,128,96,32,32,0,1,1,4294967295
bDefaultTiles,2048,1024,128,96,32,32,0,1,1,4294967295
bDefaultTiles,2016,1024,128,96,32,32,0,1,1,4294967295
bDefaultTiles,1984,1024,128,96,32,32,0,1,1,4294967295
bDefaultTiles,1952,1024,128,96,32,32,0,1,1,4294967295
bDefaultTiles,1920,1024,128,96,32,32,0,1,1,4294967295
bDefaultTiles,1888,1024,128,96,32,32,0,1,1,4294967295
bDefaultTiles,1856,1024,128,96,32,32,0,1,1,4294967295
bDefaultTiles,1824,1024,128,96,32,32,0,1,1,4294967295
bDefaultTiles,1792,1024,128,96,32,32,0,1,1,4294967295
bDefaultTiles,1760,1024,128,96,32,32,0,1,1,4294967295
bDefaultTiles,1728,1024,128,96,32,32,0,1,1,4294967295
bDefaultTiles,1696,1024,128,96,32,32,0,1,1,4294967295
bDefaultTiles,1664,1024,128,96,32,32,0,1,1,4294967295
bDefaultTiles,1632,1024,128,96,32,32,0,1,1,4294967295
bDefaultTiles,1632,992,128,96,32,32,0,1,1,4294967295
bDefaultTiles,1664,992,128,96,32,32,0,1,1,4294967295
bDefaultTiles,1696,992,128,96,32,32,0,1,1,4294967295
bDefaultTiles,1728,960,128,96,32,32,0,1,1,4294967295
bDefaultTiles,1760,992,128,96,32,32,0,1,1,4294967295
bDefaultTiles,1728,992,128,96,32,32,0,1,1,4294967295
bDefaultTiles,1760,960,128,96,32,32,0,1,1,4294967295
bDefaultTiles,1792,960,128,96,32,32,0,1,1,4294967295
bDefaultTiles,1824,992,128,96,32,32,0,1,1,4294967295
bDefaultTiles,1856,992,128,96,32,32,0,1,1,4294967295
bDefaultTiles,1792,992,128,96,32,32,0,1,1,4294967295
bDefaultTiles,1856,960,128,96,32,32,0,1,1,4294967295
bDefaultTiles,1888,960,128,96,32,32,0,1,1,4294967295
bDefaultTiles,1920,960,128,96,32,32,0,1,1,4294967295
bDefaultTiles,1920,992,128,96,32,32,0,1,1,4294967295
bDefaultTiles,1888,992,128,96,32,32,0,1,1,4294967295
bDefaultTiles,1824,960,128,96,32,32,0,1,1,4294967295
bDefaultTiles,1952,992,128,96,32,32,0,1,1,4294967295
bDefaultTiles,1984,992,128,96,32,32,0,1,1,4294967295
bDefaultTiles,2016,992,128,96,32,32,0,1,1,4294967295
bDefaultTiles,2048,992,128,96,32,32,0,1,1,4294967295
bDefaultTiles,2080,992,128,96,32,32,0,1,1,4294967295
bDefaultTiles,2112,992,128,96,32,32,0,1,1,4294967295
bDefaultTiles,2144,992,128,96,32,32,0,1,1,4294967295
bDefaultTiles,2176,992,128,96,32,32,0,1,1,4294967295
bDefaultTiles,2208,992,128,96,32,32,0,1,1,4294967295
bDefaultTiles,2240,992,128,96,32,32,0,1,1,4294967295
bDefaultTiles,2272,992,128,96,32,32,0,1,1,4294967295
bDefaultTiles,2304,992,128,96,32,32,0,1,1,4294967295
bDefaultTiles,2304,960,128,96,32,32,0,1,1,4294967295
bDefaultTiles,2304,928,128,96,32,32,0,1,1,4294967295
bDefaultTiles,2304,896,128,96,32,32,0,1,1,4294967295
bDefaultTiles,2304,864,128,96,32,32,0,1,1,4294967295
bDefaultTiles,2304,832,128,96,32,32,0,1,1,4294967295
bDefaultTiles,2272,832,128,96,32,32,0,1,1,4294967295
bDefaultTiles,2272,864,128,96,32,32,0,1,1,4294967295
bDefaultTiles,2272,896,128,96,32,32,0,1,1,4294967295
bDefaultTiles,2272,928,128,96,32,32,0,1,1,4294967295
bDefaultTiles,2272,960,128,96,32,32,0,1,1,4294967295
bDefaultTiles,2240,960,128,96,32,32,0,1,1,4294967295
bDefaultTiles,2240,928,128,96,32,32,0,1,1,4294967295
bDefaultTiles,2240,896,128,96,32,32,0,1,1,4294967295
bDefaultTiles,2240,864,128,96,32,32,0,1,1,4294967295
bDefaultTiles,2240,832,128,96,32,32,0,1,1,4294967295
bDefaultTiles,2208,864,128,96,32,32,0,1,1,4294967295
bDefaultTiles,2208,896,128,96,32,32,0,1,1,4294967295
bDefaultTiles,2208,928,128,96,32,32,0,1,1,4294967295
bDefaultTiles,2208,960,128,96,32,32,0,1,1,4294967295
bDefaultTiles,2176,960,128,96,32,32,0,1,1,4294967295
bDefaultTiles,2176,928,128,96,32,32,0,1,1,4294967295
bDefaultTiles,2176,896,128,96,32,32,0,1,1,4294967295
bDefaultTiles,2176,864,128,96,32,32,0,1,1,4294967295
bDefaultTiles,2176,800,128,96,32,32,0,1,1,4294967295
bDefaultTiles,2144,800,128,96,32,32,0,1,1,4294967295
bDefaultTiles,2112,800,128,96,32,32,0,1,1,4294967295
bDefaultTiles,2080,800,128,96,32,32,0,1,1,4294967295
bDefaultTiles,2144,864,128,96,32,32,0,1,1,4294967295
bDefaultTiles,2144,896,128,96,32,32,0,1,1,4294967295
bDefaultTiles,2144,928,128,96,32,32,0,1,1,4294967295
bDefaultTiles,2144,960,128,96,32,32,0,1,1,4294967295
bDefaultTiles,2112,960,128,96,32,32,0,1,1,4294967295
bDefaultTiles,2112,928,128,96,32,32,0,1,1,4294967295
bDefaultTiles,2112,896,128,96,32,32,0,1,1,4294967295
bDefaultTiles,2112,864,128,96,32,32,0,1,1,4294967295
bDefaultTiles,2080,864,128,96,32,32,0,1,1,4294967295
bDefaultTiles,2080,896,128,96,32,32,0,1,1,4294967295
bDefaultTiles,2080,928,128,96,32,32,0,1,1,4294967295
bDefaultTiles,2080,960,128,96,32,32,0,1,1,4294967295
bDefaultTiles,2048,960,128,96,32,32,0,1,1,4294967295
bDefaultTiles,2048,928,128,96,32,32,0,1,1,4294967295
bDefaultTiles,2048,896,128,96,32,32,0,1,1,4294967295
bDefaultTiles,2048,864,128,96,32,32,0,1,1,4294967295
bDefaultTiles,2048,832,128,96,32,32,0,1,1,4294967295
bDefaultTiles,2016,832,128,96,32,32,0,1,1,4294967295
bDefaultTiles,2016,864,128,96,32,32,0,1,1,4294967295
bDefaultTiles,2016,896,128,96,32,32,0,1,1,4294967295
bDefaultTiles,2016,928,128,96,32,32,0,1,1,4294967295
bDefaultTiles,2016,960,128,96,32,32,0,1,1,4294967295
bDefaultTiles,1984,960,128,96,32,32,0,1,1,4294967295
bDefaultTiles,1984,928,128,96,32,32,0,1,1,4294967295
bDefaultTiles,1984,896,128,96,32,32,0,1,1,4294967295
bDefaultTiles,1984,864,128,96,32,32,0,1,1,4294967295
bDefaultTiles,1984,832,128,96,32,32,0,1,1,4294967295
bDefaultTiles,1952,832,128,96,32,32,0,1,1,4294967295
bDefaultTiles,1952,864,128,96,32,32,0,1,1,4294967295
bDefaultTiles,1952,896,128,96,32,32,0,1,1,4294967295
bDefaultTiles,1952,928,128,96,32,32,0,1,1,4294967295
bDefaultTiles,1952,960,128,96,32,32,0,1,1,4294967295
bDefaultTiles,1920,928,128,96,32,32,0,1,1,4294967295
bDefaultTiles,1920,896,128,96,32,32,0,1,1,4294967295
bDefaultTiles,1920,864,128,96,32,32,0,1,1,4294967295
bDefaultTiles,1920,832,128,96,32,32,0,1,1,4294967295
bDefaultTiles,1888,832,128,96,32,32,0,1,1,4294967295
bDefaultTiles,1888,864,128,96,32,32,0,1,1,4294967295
bDefaultTiles,1888,896,128,96,32,32,0,1,1,4294967295
bDefaultTiles,1888,928,128,96,32,32,0,1,1,4294967295
bDefaultTiles,1856,928,128,96,32,32,0,1,1,4294967295
bDefaultTiles,1856,896,128,96,32,32,0,1,1,4294967295
bDefaultTiles,1856,864,128,96,32,32,0,1,1,4294967295
bDefaultTiles,1856,832,128,96,32,32,0,1,1,4294967295
bDefaultTiles,1824,832,128,96,32,32,0,1,1,4294967295
bDefaultTiles,1792,864,128,96,32,32,0,1,1,4294967295
bDefaultTiles,1792,896,128,96,32,32,0,1,1,4294967295
bDefaultTiles,1792,928,128,96,32,32,0,1,1,4294967295
bDefaultTiles,1824,928,128,96,32,32,0,1,1,4294967295
bDefaultTiles,1824,896,128,96,32,32,0,1,1,4294967295
bDefaultTiles,1824,864,128,96,32,32,0,1,1,4294967295
bDefaultTiles,1792,832,128,96,32,32,0,1,1,4294967295
bDefaultTiles,1760,832,128,96,32,32,0,1,1,4294967295
bDefaultTiles,1760,864,128,96,32,32,0,1,1,4294967295
bDefaultTiles,1760,896,128,96,32,32,0,1,1,4294967295
bDefaultTiles,1760,928,128,96,32,32,0,1,1,4294967295
bDefaultTiles,1728,928,128,96,32,32,0,1,1,4294967295
bDefaultTiles,1728,896,128,96,32,32,0,1,1,4294967295
bDefaultTiles,1728,864,128,96,32,32,0,1,1,4294967295
bDefaultTiles,1728,832,128,96,32,32,0,1,1,4294967295
bDefaultTiles,1696,832,128,96,32,32,0,1,1,4294967295
bDefaultTiles,1664,832,128,96,32,32,0,1,1,4294967295
bDefaultTiles,1632,832,128,96,32,32,0,1,1,4294967295
bDefaultTiles,1632,864,128,96,32,32,0,1,1,4294967295
bDefaultTiles,1632,896,128,96,32,32,0,1,1,4294967295
bDefaultTiles,1632,928,128,96,32,32,0,1,1,4294967295
bDefaultTiles,1632,960,128,96,32,32,0,1,1,4294967295
bDefaultTiles,1664,960,128,96,32,32,0,1,1,4294967295
bDefaultTiles,1696,960,128,96,32,32,0,1,1,4294967295
bDefaultTiles,1696,928,128,96,32,32,0,1,1,4294967295
bDefaultTiles,1696,896,128,96,32,32,0,1,1,4294967295
bDefaultTiles,1696,864,128,96,32,32,0,1,1,4294967295
bDefaultTiles,1664,864,128,96,32,32,0,1,1,4294967295
bDefaultTiles,1664,896,128,96,32,32,0,1,1,4294967295
bDefaultTiles,1664,928,128,96,32,32,0,1,1,4294967295
bDefaultTiles,1824,736,128,96,32,32,0,1,1,4294967295
bDefaultTiles,1856,736,128,96,32,32,0,1,1,4294967295
bDefaultTiles,1888,736,128,96,32,32,0,1,1,4294967295
bDefaultTiles,1920,736,128,96,32,32,0,1,1,4294967295
bDefaultTiles,1952,736,128,96,32,32,0,1,1,4294967295
bDefaultTiles,1952,704,128,96,32,32,0,1,1,4294967295
bDefaultTiles,1984,704,128,96,32,32,0,1,1,4294967295
bDefaultTiles,1984,736,128,96,32,32,0,1,1,4294967295
bDefaultTiles,2016,736,128,96,32,32,0,1,1,4294967295
bDefaultTiles,2048,736,128,96,32,32,0,1,1,4294967295
bDefaultTiles,2080,736,128,96,32,32,0,1,1,4294967295
bDefaultTiles,2112,736,128,96,32,32,0,1,1,4294967295
bDefaultTiles,2144,736,128,96,32,32,0,1,1,4294967295
bDefaultTiles,2144,704,128,96,32,32,0,1,1,4294967295
bDefaultTiles,2176,704,128,96,32,32,0,1,1,4294967295
bDefaultTiles,2208,704,128,96,32,32,0,1,1,4294967295
bDefaultTiles,2208,736,128,96,32,32,0,1,1,4294967295
bDefaultTiles,2240,736,128,96,32,32,0,1,1,4294967295
bDefaultTiles,2272,736,128,96,32,32,0,1,1,4294967295
bDefaultTiles,2304,736,128,96,32,32,0,1,1,4294967295
bDefaultTiles,2336,736,128,96,32,32,0,1,1,4294967295
bDefaultTiles,2368,736,128,96,32,32,0,1,1,4294967295
bDefaultTiles,2368,704,128,96,32,32,0,1,1,4294967295
bDefaultTiles,2368,672,128,96,32,32,0,1,1,4294967295
bDefaultTiles,2368,640,128,96,32,32,0,1,1,4294967295
bDefaultTiles,2368,608,128,96,32,32,0,1,1,4294967295
bDefaultTiles,2368,576,128,96,32,32,0,1,1,4294967295
bDefaultTiles,2368,544,128,96,32,32,0,1,1,4294967295
bDefaultTiles,2368,512,128,96,32,32,0,1,1,4294967295
bDefaultTiles,2368,480,128,96,32,32,0,1,1,4294967295
bDefaultTiles,2336,448,128,96,32,32,0,1,1,4294967295
bDefaultTiles,2304,448,128,96,32,32,0,1,1,4294967295
bDefaultTiles,2272,448,128,96,32,32,0,1,1,4294967295
bDefaultTiles,2240,448,128,96,32,32,0,1,1,4294967295
bDefaultTiles,2208,448,128,96,32,32,0,1,1,4294967295
bDefaultTiles,2112,608,128,96,32,32,0,1,1,4294967295
bDefaultTiles,2080,640,128,96,32,32,0,1,1,4294967295
bDefaultTiles,2048,640,128,96,32,32,0,1,1,4294967295
bDefaultTiles,2016,640,128,96,32,32,0,1,1,4294967295
bDefaultTiles,2016,672,128,96,32,32,0,1,1,4294967295
bDefaultTiles,1984,672,128,96,32,32,0,1,1,4294967295
bDefaultTiles,1920,704,128,96,32,32,0,1,1,4294967295
bDefaultTiles,2016,704,128,96,32,32,0,1,1,4294967295
bDefaultTiles,2048,704,128,96,32,32,0,1,1,4294967295
bDefaultTiles,2080,704,128,96,32,32,0,1,1,4294967295
bDefaultTiles,2112,704,128,96,32,32,0,1,1,4294967295
bDefaultTiles,2176,736,128,96,32,32,0,1,1,4294967295
bDefaultTiles,2240,704,128,96,32,32,0,1,1,4294967295
bDefaultTiles,2272,704,128,96,32,32,0,1,1,4294967295
bDefaultTiles,2304,704,128,96,32,32,0,1,1,4294967295
bDefaultTiles,2336,704,128,96,32,32,0,1,1,4294967295
bDefaultTiles,2336,672,128,96,32,32,0,1,1,4294967295
bDefaultTiles,2336,640,128,96,32,32,0,1,1,4294967295
bDefaultTiles,2336,608,128,96,32,32,0,1,1,4294967295
bDefaultTiles,2336,576,128,96,32,32,0,1,1,4294967295
bDefaultTiles,2336,544,128,96,32,32,0,1,1,4294967295
bDefaultTiles,2336,512,128,96,32,32,0,1,1,4294967295
bDefaultTiles,2336,480,128,96,32,32,0,1,1,4294967295
bDefaultTiles,2304,480,128,96,32,32,0,1,1,4294967295
bDefaultTiles,2272,480,128,96,32,32,0,1,1,4294967295
bDefaultTiles,2240,480,128,96,32,32,0,1,1,4294967295
bDefaultTiles,2208,480,128,96,32,32,0,1,1,4294967295
bDefaultTiles,2176,512,128,96,32,32,0,1,1,4294967295
bDefaultTiles,2208,512,128,96,32,32,0,1,1,4294967295
bDefaultTiles,2240,512,128,96,32,32,0,1,1,4294967295
bDefaultTiles,2272,512,128,96,32,32,0,1,1,4294967295
bDefaultTiles,2304,512,128,96,32,32,0,1,1,4294967295
bDefaultTiles,2304,544,128,96,32,32,0,1,1,4294967295
bDefaultTiles,2272,544,128,96,32,32,0,1,1,4294967295
bDefaultTiles,2240,544,128,96,32,32,0,1,1,4294967295
bDefaultTiles,2208,544,128,96,32,32,0,1,1,4294967295
bDefaultTiles,2176,544,128,96,32,32,0,1,1,4294967295
bDefaultTiles,2176,576,128,96,32,32,0,1,1,4294967295
bDefaultTiles,2144,576,128,96,32,32,0,1,1,4294967295
bDefaultTiles,2144,608,128,96,32,32,0,1,1,4294967295
bDefaultTiles,2144,640,128,96,32,32,0,1,1,4294967295
bDefaultTiles,2112,640,128,96,32,32,0,1,1,4294967295
bDefaultTiles,2048,672,128,96,32,32,0,1,1,4294967295
bDefaultTiles,2080,672,128,96,32,32,0,1,1,4294967295
bDefaultTiles,2112,672,128,96,32,32,0,1,1,4294967295
bDefaultTiles,2144,672,128,96,32,32,0,1,1,4294967295
bDefaultTiles,2176,672,128,96,32,32,0,1,1,4294967295
bDefaultTiles,2208,672,128,96,32,32,0,1,1,4294967295
bDefaultTiles,2240,672,128,96,32,32,0,1,1,4294967295
bDefaultTiles,2272,672,128,96,32,32,0,1,1,4294967295
bDefaultTiles,2304,672,128,96,32,32,0,1,1,4294967295
bDefaultTiles,2304,640,128,96,32,32,0,1,1,4294967295
bDefaultTiles,2304,608,128,96,32,32,0,1,1,4294967295
bDefaultTiles,2304,576,128,96,32,32,0,1,1,4294967295
bDefaultTiles,2272,576,128,96,32,32,0,1,1,4294967295
bDefaultTiles,2240,576,128,96,32,32,0,1,1,4294967295
bDefaultTiles,2208,576,128,96,32,32,0,1,1,4294967295
bDefaultTiles,2208,608,128,96,32,32,0,1,1,4294967295
bDefaultTiles,2176,608,128,96,32,32,0,1,1,4294967295
bDefaultTiles,2176,640,128,96,32,32,0,1,1,4294967295
bDefaultTiles,2208,640,128,96,32,32,0,1,1,4294967295
bDefaultTiles,2240,640,128,96,32,32,0,1,1,4294967295
bDefaultTiles,2240,608,128,96,32,32,0,1,1,4294967295
bDefaultTiles,2272,608,128,96,32,32,0,1,1,4294967295
bDefaultTiles,2272,640,128,96,32,32,0,1,1,4294967295
bDefaultTiles,2208,0,128,96,32,32,0,1,1,4294967295
bDefaultTiles,2240,0,128,96,32,32,0,1,1,4294967295
bDefaultTiles,2272,0,128,96,32,32,0,1,1,4294967295
bDefaultTiles,2304,0,128,96,32,32,0,1,1,4294967295
bDefaultTiles,2336,0,128,96,32,32,0,1,1,4294967295
bDefaultTiles,2368,0,128,96,32,32,0,1,1,4294967295
bDefaultTiles,2368,32,128,96,32,32,0,1,1,4294967295
bDefaultTiles,2368,64,128,96,32,32,0,1,1,4294967295
bDefaultTiles,2336,64,128,96,32,32,0,1,1,4294967295
bDefaultTiles,2304,32,128,96,32,32,0,1,1,4294967295
bDefaultTiles,2272,32,128,96,32,32,0,1,1,4294967295
bDefaultTiles,2240,32,128,96,32,32,0,1,1,4294967295
bDefaultTiles,2208,32,128,96,32,32,0,1,1,4294967295
bDefaultTiles,2208,64,128,96,32,32,0,1,1,4294967295
bDefaultTiles,2240,64,128,96,32,32,0,1,1,4294967295
bDefaultTiles,2272,64,128,96,32,32,0,1,1,4294967295
bDefaultTiles,2304,64,128,96,32,32,0,1,1,4294967295
bDefaultTiles,2336,32,128,96,32,32,0,1,1,4294967295
bDefaultTiles,2240,96,128,96,32,32,0,1,1,4294967295
bDefaultTiles,2208,96,128,96,32,32,0,1,1,4294967295
bDefaultTiles,2272,96,128,96,32,32,0,1,1,4294967295
bDefaultTiles,2304,96,128,96,32,32,0,1,1,4294967295
bDefaultTiles,2336,96,128,96,32,32,0,1,1,4294967295
bDefaultTiles,2368,96,128,96,32,32,0,1,1,4294967295
bDefaultTiles,2368,128,128,96,32,32,0,1,1,4294967295
bDefaultTiles,2336,128,128,96,32,32,0,1,1,4294967295
bDefaultTiles,2304,128,128,96,32,32,0,1,1,4294967295
bDefaultTiles,2272,128,128,96,32,32,0,1,1,4294967295
bDefaultTiles,2240,128,128,96,32,32,0,1,1,4294967295
bDefaultTiles,2208,128,128,96,32,32,0,1,1,4294967295
bDefaultTiles,2336,160,128,96,32,32,0,1,1,4294967295
bDefaultTiles,2368,160,128,96,32,32,0,1,1,4294967295
bDefaultTiles,2304,160,128,96,32,32,0,1,1,4294967295
bDefaultTiles,2272,160,128,96,32,32,0,1,1,4294967295
bDefaultTiles,2240,160,128,96,32,32,0,1,1,4294967295
bDefaultTiles,2208,160,128,96,32,32,0,1,1,4294967295
bDefaultTiles,2208,192,128,96,32,32,0,1,1,4294967295
bDefaultTiles,2240,192,128,96,32,32,0,1,1,4294967295
bDefaultTiles,2272,192,128,96,32,32,0,1,1,4294967295
bDefaultTiles,2304,192,128,96,32,32,0,1,1,4294967295
bDefaultTiles,2336,192,128,96,32,32,0,1,1,4294967295
bDefaultTiles,2368,192,128,96,32,32,0,1,1,4294967295
bDefaultTiles,2368,224,128,96,32,32,0,1,1,4294967295
bDefaultTiles,2336,224,128,96,32,32,0,1,1,4294967295
bDefaultTiles,2304,224,128,96,32,32,0,1,1,4294967295
bDefaultTiles,2272,224,128,96,32,32,0,1,1,4294967295
bDefaultTiles,2240,224,128,96,32,32,0,1,1,4294967295
bDefaultTiles,2208,224,128,96,32,32,0,1,1,4294967295
bDefaultTiles,2208,256,128,96,32,32,0,1,1,4294967295
bDefaultTiles,2240,256,128,96,32,32,0,1,1,4294967295
bDefaultTiles,2272,256,128,96,32,32,0,1,1,4294967295
bDefaultTiles,2304,256,128,96,32,32,0,1,1,4294967295
bDefaultTiles,2336,256,128,96,32,32,0,1,1,4294967295
bDefaultTiles,2368,256,128,96,32,32,0,1,1,4294967295
bDefaultTiles,2368,288,128,96,32,32,0,1,1,4294967295
bDefaultTiles,2336,288,128,96,32,32,0,1,1,4294967295
bDefaultTiles,2304,288,128,96,32,32,0,1,1,4294967295
bDefaultTiles,2272,288,128,96,32,32,0,1,1,4294967295
bDefaultTiles,2240,288,128,96,32,32,0,1,1,4294967295
bDefaultTiles,2208,288,128,96,32,32,0,1,1,4294967295
bDefaultTiles,2208,320,128,96,32,32,0,1,1,4294967295
bDefaultTiles,2240,320,128,96,32,32,0,1,1,4294967295
bDefaultTiles,2272,320,128,96,32,32,0,1,1,4294967295
bDefaultTiles,2304,320,128,96,32,32,0,1,1,4294967295
bDefaultTiles,2336,320,128,96,32,32,0,1,1,4294967295
bDefaultTiles,2368,320,128,96,32,32,0,1,1,4294967295
bDefaultTiles,2368,352,128,96,32,32,0,1,1,4294967295
bDefaultTiles,2336,352,128,96,32,32,0,1,1,4294967295
bDefaultTiles,2304,352,128,96,32,32,0,1,1,4294967295
bDefaultTiles,2272,352,128,96,32,32,0,1,1,4294967295
bDefaultTiles,2240,352,128,96,32,32,0,1,1,4294967295
bDefaultTiles,2208,352,128,96,32,32,0,1,1,4294967295
bDefaultTiles,2208,384,128,96,32,32,0,1,1,4294967295
bDefaultTiles,2240,384,128,96,32,32,0,1,1,4294967295
bDefaultTiles,2272,384,128,96,32,32,0,1,1,4294967295
bDefaultTiles,2304,384,128,96,32,32,0,1,1,4294967295
bDefaultTiles,2336,384,128,96,32,32,0,1,1,4294967295
bDefaultTiles,2368,384,128,96,32,32,0,1,1,4294967295
bDefaultTiles,2368,416,128,96,32,32,0,1,1,4294967295
bDefaultTiles,2368,448,128,96,32,32,0,1,1,4294967295
bDefaultTiles,2336,416,128,96,32,32,0,1,1,4294967295
bDefaultTiles,2304,416,128,96,32,32,0,1,1,4294967295
bDefaultTiles,2272,416,128,96,32,32,0,1,1,4294967295
bDefaultTiles,2240,416,128,96,32,32,0,1,1,4294967295
bDefaultTiles,2208,416,128,96,32,32,0,1,1,4294967295
bDefaultTiles,1600,576,128,96,32,32,0,1,1,4294967295
bDefaultTiles,1600,544,128,96,32,32,0,1,1,4294967295
bDefaultTiles,1600,512,128,96,32,32,0,1,1,4294967295
bDefaultTiles,1600,480,128,96,32,32,0,1,1,4294967295
bDefaultTiles,1600,448,128,96,32,32,0,1,1,4294967295
bDefaultTiles,1600,416,128,96,32,32,0,1,1,4294967295
bDefaultTiles,1600,384,128,96,32,32,0,1,1,4294967295
bDefaultTiles,1600,352,128,96,32,32,0,1,1,4294967295
bDefaultTiles,1600,320,128,96,32,32,0,1,1,4294967295
bDefaultTiles,1600,288,128,96,32,32,0,1,1,4294967295
bDefaultTiles,1600,256,128,96,32,32,0,1,1,4294967295
bDefaultTiles,1600,224,128,96,32,32,0,1,1,4294967295
bDefaultTiles,1600,192,128,96,32,32,0,1,1,4294967295
bDefaultTiles,1600,160,128,96,32,32,0,1,1,4294967295
bDefaultTiles,1600,128,128,96,32,32,0,1,1,4294967295
bDefaultTiles,1600,96,128,96,32,32,0,1,1,4294967295
bDefaultTiles,1600,64,128,96,32,32,0,1,1,4294967295
bDefaultTiles,1600,32,128,96,32,32,0,1,1,4294967295
bDefaultTiles,1600,0,128,96,32,32,0,1,1,4294967295
bDefaultTiles,1632,0,128,96,32,32,0,1,1,4294967295
bDefaultTiles,1664,0,128,96,32,32,0,1,1,4294967295
bDefaultTiles,1696,0,128,96,32,32,0,1,1,4294967295
bDefaultTiles,1728,0,128,96,32,32,0,1,1,4294967295
bDefaultTiles,1760,0,128,96,32,32,0,1,1,4294967295
bDefaultTiles,1792,0,128,96,32,32,0,1,1,4294967295
bDefaultTiles,1824,0,128,96,32,32,0,1,1,4294967295
bDefaultTiles,1856,0,128,96,32,32,0,1,1,4294967295
bDefaultTiles,1888,0,128,96,32,32,0,1,1,4294967295
bDefaultTiles,1888,32,128,96,32,32,0,1,1,4294967295
bDefaultTiles,1856,32,128,96,32,32,0,1,1,4294967295
bDefaultTiles,1824,32,128,96,32,32,0,1,1,4294967295
bDefaultTiles,1792,32,128,96,32,32,0,1,1,4294967295
bDefaultTiles,1760,32,128,96,32,32,0,1,1,4294967295
bDefaultTiles,1728,32,128,96,32,32,0,1,1,4294967295
bDefaultTiles,1696,32,128,96,32,32,0,1,1,4294967295
bDefaultTiles,1664,32,128,96,32,32,0,1,1,4294967295
bDefaultTiles,1632,32,128,96,32,32,0,1,1,4294967295
bDefaultTiles,1632,64,128,96,32,32,0,1,1,4294967295
bDefaultTiles,1632,96,128,96,32,32,0,1,1,4294967295
bDefaultTiles,1632,128,128,96,32,32,0,1,1,4294967295
bDefaultTiles,1632,160,128,96,32,32,0,1,1,4294967295
bDefaultTiles,1632,192,128,96,32,32,0,1,1,4294967295
bDefaultTiles,1632,224,128,96,32,32,0,1,1,4294967295
bDefaultTiles,1632,256,128,96,32,32,0,1,1,4294967295
bDefaultTiles,1632,288,128,96,32,32,0,1,1,4294967295
bDefaultTiles,1632,320,128,96,32,32,0,1,1,4294967295
bDefaultTiles,1632,352,128,96,32,32,0,1,1,4294967295
bDefaultTiles,1632,384,128,96,32,32,0,1,1,4294967295
bDefaultTiles,1632,416,128,96,32,32,0,1,1,4294967295
bDefaultTiles,1632,448,128,96,32,32,0,1,1,4294967295
bDefaultTiles,1632,480,128,96,32,32,0,1,1,4294967295
bDefaultTiles,1632,512,128,96,32,32,0,1,1,4294967295
bDefaultTiles,1632,544,128,96,32,32,0,1,1,4294967295
bDefaultTiles,1632,576,128,96,32,32,0,1,1,4294967295
bDefaultTiles,1664,576,128,96,32,32,0,1,1,4294967295
bDefaultTiles,1664,544,128,96,32,32,0,1,1,4294967295
bDefaultTiles,1696,544,128,96,32,32,0,1,1,4294967295
bDefaultTiles,1728,544,128,96,32,32,0,1,1,4294967295
bDefaultTiles,1728,512,128,96,32,32,0,1,1,4294967295
bDefaultTiles,1696,512,128,96,32,32,0,1,1,4294967295
bDefaultTiles,1664,512,128,96,32,32,0,1,1,4294967295
bDefaultTiles,1664,480,128,96,32,32,0,1,1,4294967295
bDefaultTiles,1696,480,128,96,32,32,0,1,1,4294967295
bDefaultTiles,1728,480,128,96,32,32,0,1,1,4294967295
bDefaultTiles,1760,480,128,96,32,32,0,1,1,4294967295
bDefaultTiles,1760,512,128,96,32,32,0,1,1,4294967295
bDefaultTiles,1792,512,128,96,32,32,0,1,1,4294967295
bDefaultTiles,1792,480,128,96,32,32,0,1,1,4294967295
bDefaultTiles,1824,480,128,96,32,32,0,1,1,4294967295
bDefaultTiles,1824,448,128,96,32,32,0,1,1,4294967295
bDefaultTiles,1792,448,128,96,32,32,0,1,1,4294967295
bDefaultTiles,1760,448,128,96,32,32,0,1,1,4294967295
bDefaultTiles,1728,448,128,96,32,32,0,1,1,4294967295
bDefaultTiles,1696,448,128,96,32,32,0,1,1,4294967295
bDefaultTiles,1664,448,128,96,32,32,0,1,1,4294967295
bDefaultTiles,1664,416,128,96,32,32,0,1,1,4294967295
bDefaultTiles,1696,416,128,96,32,32,0,1,1,4294967295
bDefaultTiles,1728,416,128,96,32,32,0,1,1,4294967295
bDefaultTiles,1760,416,128,96,32,32,0,1,1,4294967295
bDefaultTiles,1792,416,128,96,32,32,0,1,1,4294967295
bDefaultTiles,1824,416,128,96,32,32,0,1,1,4294967295
bDefaultTiles,1856,416,128,96,32,32,0,1,1,4294967295
bDefaultTiles,1856,384,128,96,32,32,0,1,1,4294967295
bDefaultTiles,1824,384,128,96,32,32,0,1,1,4294967295
bDefaultTiles,1792,384,128,96,32,32,0,1,1,4294967295
bDefaultTiles,1760,384,128,96,32,32,0,1,1,4294967295
bDefaultTiles,1728,384,128,96,32,32,0,1,1,4294967295
bDefaultTiles,1696,384,128,96,32,32,0,1,1,4294967295
bDefaultTiles,1664,384,128,96,32,32,0,1,1,4294967295
bDefaultTiles,1664,352,128,96,32,32,0,1,1,4294967295
bDefaultTiles,1696,352,128,96,32,32,0,1,1,4294967295
bDefaultTiles,1728,352,128,96,32,32,0,1,1,4294967295
bDefaultTiles,1760,352,128,96,32,32,0,1,1,4294967295
bDefaultTiles,1792,352,128,96,32,32,0,1,1,4294967295
bDefaultTiles,1824,352,128,96,32,32,0,1,1,4294967295
bDefaultTiles,1856,352,128,96,32,32,0,1,1,4294967295
bDefaultTiles,1888,352,128,96,32,32,0,1,1,4294967295
bDefaultTiles,1888,320,128,96,32,32,0,1,1,4294967295
bDefaultTiles,1856,320,128,96,32,32,0,1,1,4294967295
bDefaultTiles,1824,320,128,96,32,32,0,1,1,4294967295
bDefaultTiles,1792,320,128,96,32,32,0,1,1,4294967295
bDefaultTiles,1760,320,128,96,32,32,0,1,1,4294967295
bDefaultTiles,1728,320,128,96,32,32,0,1,1,4294967295
bDefaultTiles,1696,320,128,96,32,32,0,1,1,4294967295
bDefaultTiles,1664,320,128,96,32,32,0,1,1,4294967295
bDefaultTiles,1664,288,128,96,32,32,0,1,1,4294967295
bDefaultTiles,1696,288,128,96,32,32,0,1,1,4294967295
bDefaultTiles,1728,288,128,96,32,32,0,1,1,4294967295
bDefaultTiles,1760,288,128,96,32,32,0,1,1,4294967295
bDefaultTiles,1792,288,128,96,32,32,0,1,1,4294967295
bDefaultTiles,1824,288,128,96,32,32,0,1,1,4294967295
bDefaultTiles,1856,288,128,96,32,32,0,1,1,4294967295
bDefaultTiles,1888,288,128,96,32,32,0,1,1,4294967295
bDefaultTiles,1888,256,128,96,32,32,0,1,1,4294967295
bDefaultTiles,1856,256,128,96,32,32,0,1,1,4294967295
bDefaultTiles,1824,256,128,96,32,32,0,1,1,4294967295
bDefaultTiles,1792,256,128,96,32,32,0,1,1,4294967295
bDefaultTiles,1760,256,128,96,32,32,0,1,1,4294967295
bDefaultTiles,1728,256,128,96,32,32,0,1,1,4294967295
bDefaultTiles,1696,256,128,96,32,32,0,1,1,4294967295
bDefaultTiles,1664,256,128,96,32,32,0,1,1,4294967295
bDefaultTiles,1664,224,128,96,32,32,0,1,1,4294967295
bDefaultTiles,1696,224,128,96,32,32,0,1,1,4294967295
bDefaultTiles,1728,224,128,96,32,32,0,1,1,4294967295
bDefaultTiles,1760,224,128,96,32,32,0,1,1,4294967295
bDefaultTiles,1792,224,128,96,32,32,0,1,1,4294967295
bDefaultTiles,1824,224,128,96,32,32,0,1,1,4294967295
bDefaultTiles,1856,224,128,96,32,32,0,1,1,4294967295
bDefaultTiles,1888,224,128,96,32,32,0,1,1,4294967295
bDefaultTiles,1888,192,128,96,32,32,0,1,1,4294967295
bDefaultTiles,1856,192,128,96,32,32,0,1,1,4294967295
bDefaultTiles,1824,192,128,96,32,32,0,1,1,4294967295
bDefaultTiles,1792,192,128,96,32,32,0,1,1,4294967295
bDefaultTiles,1760,192,128,96,32,32,0,1,1,4294967295
bDefaultTiles,1728,192,128,96,32,32,0,1,1,4294967295
bDefaultTiles,1696,192,128,96,32,32,0,1,1,4294967295
bDefaultTiles,1664,192,128,96,32,32,0,1,1,4294967295
bDefaultTiles,1664,160,128,96,32,32,0,1,1,4294967295
bDefaultTiles,1696,160,128,96,32,32,0,1,1,4294967295
bDefaultTiles,1728,160,128,96,32,32,0,1,1,4294967295
bDefaultTiles,1760,160,128,96,32,32,0,1,1,4294967295
bDefaultTiles,1792,160,128,96,32,32,0,1,1,4294967295
bDefaultTiles,1824,160,128,96,32,32,0,1,1,4294967295
bDefaultTiles,1856,160,128,96,32,32,0,1,1,4294967295
bDefaultTiles,1888,160,128,96,32,32,0,1,1,4294967295
bDefaultTiles,1888,128,128,96,32,32,0,1,1,4294967295
bDefaultTiles,1856,128,128,96,32,32,0,1,1,4294967295
bDefaultTiles,1856,96,128,96,32,32,0,1,1,4294967295
bDefaultTiles,1824,96,128,96,32,32,0,1,1,4294967295
bDefaultTiles,1824,128,128,96,32,32,0,1,1,4294967295
bDefaultTiles,1792,128,128,96,32,32,0,1,1,4294967295
bDefaultTiles,1760,128,128,96,32,32,0,1,1,4294967295
bDefaultTiles,1728,128,128,96,32,32,0,1,1,4294967295
bDefaultTiles,1696,128,128,96,32,32,0,1,1,4294967295
bDefaultTiles,1696,96,128,96,32,32,0,1,1,4294967295
bDefaultTiles,1664,96,128,96,32,32,0,1,1,4294967295
bDefaultTiles,1664,128,128,96,32,32,0,1,1,4294967295
bDefaultTiles,1664,64,128,96,32,32,0,1,1,4294967295
bDefaultTiles,1696,64,128,96,32,32,0,1,1,4294967295
bDefaultTiles,1728,64,128,96,32,32,0,1,1,4294967295
bDefaultTiles,1728,96,128,96,32,32,0,1,1,4294967295
bDefaultTiles,1760,96,128,96,32,32,0,1,1,4294967295
bDefaultTiles,1792,96,128,96,32,32,0,1,1,4294967295
bDefaultTiles,1792,64,128,96,32,32,0,1,1,4294967295
bDefaultTiles,1760,64,128,96,32,32,0,1,1,4294967295
bDefaultTiles,1824,64,128,96,32,32,0,1,1,4294967295
bDefaultTiles,1856,64,128,96,32,32,0,1,1,4294967295
bDefaultTiles,1888,64,128,96,32,32,0,1,1,4294967295
bDefaultTiles,1888,96,128,96,32,32,0,1,1,4294967295
bDefaultTiles,2176,416,128,96,32,32,0,1,1,4294967295
bDefaultTiles,2176,448,128,96,32,32,0,1,1,4294967295
bDefaultTiles,2176,480,128,96,32,32,0,1,1,4294967295
bDefaultTiles,2144,544,128,96,32,32,0,1,1,4294967295
bDefaultTiles,2112,544,128,96,32,32,0,1,1,4294967295
bDefaultTiles,2112,576,128,96,32,32,0,1,1,4294967295
bDefaultTiles,2080,608,128,96,32,32,0,1,1,4294967295
bDefaultTiles,2048,608,128,96,32,32,0,1,1,4294967295
bDefaultTiles,2016,608,128,96,32,32,0,1,1,4294967295
bDefaultTiles,2048,576,128,96,32,32,0,1,1,4294967295
bDefaultTiles,2048,544,128,96,32,32,0,1,1,4294967295
bDefaultTiles,2080,512,128,96,32,32,0,1,1,4294967295
bDefaultTiles,2080,480,128,96,32,32,0,1,1,4294967295
bDefaultTiles,2080,448,128,96,32,32,0,1,1,4294967295
bDefaultTiles,2080,416,128,96,32,32,0,1,1,4294967295
bDefaultTiles,2080,384,128,96,32,32,0,1,1,4294967295
bDefaultTiles,2080,352,128,96,32,32,0,1,1,4294967295
bDefaultTiles,2080,320,128,96,32,32,0,1,1,4294967295
bDefaultTiles,2080,288,128,96,32,32,0,1,1,4294967295
bDefaultTiles,2080,256,128,96,32,32,0,1,1,4294967295
bDefaultTiles,2080,224,128,96,32,32,0,1,1,4294967295
bDefaultTiles,2080,192,128,96,32,32,0,1,1,4294967295
bDefaultTiles,2080,160,128,96,32,32,0,1,1,4294967295
bDefaultTiles,2080,128,128,96,32,32,0,1,1,4294967295
bDefaultTiles,2080,96,128,96,32,32,0,1,1,4294967295
bDefaultTiles,2080,64,128,96,32,32,0,1,1,4294967295
bDefaultTiles,2080,32,128,96,32,32,0,1,1,4294967295
bDefaultTiles,2080,0,128,96,32,32,0,1,1,4294967295
bDefaultTiles,2144,0,128,96,32,32,0,1,1,4294967295
bDefaultTiles,2112,0,128,96,32,32,0,1,1,4294967295
bDefaultTiles,2112,32,128,96,32,32,0,1,1,4294967295
bDefaultTiles,2112,64,128,96,32,32,0,1,1,4294967295
bDefaultTiles,2112,96,128,96,32,32,0,1,1,4294967295
bDefaultTiles,2112,128,128,96,32,32,0,1,1,4294967295
bDefaultTiles,2112,160,128,96,32,32,0,1,1,4294967295
bDefaultTiles,2112,192,128,96,32,32,0,1,1,4294967295
bDefaultTiles,2112,224,128,96,32,32,0,1,1,4294967295
bDefaultTiles,2112,256,128,96,32,32,0,1,1,4294967295
bDefaultTiles,2112,288,128,96,32,32,0,1,1,4294967295
bDefaultTiles,2112,320,128,96,32,32,0,1,1,4294967295
bDefaultTiles,2112,352,128,96,32,32,0,1,1,4294967295
bDefaultTiles,2112,384,128,96,32,32,0,1,1,4294967295
bDefaultTiles,2112,416,128,96,32,32,0,1,1,4294967295
bDefaultTiles,2112,448,128,96,32,32,0,1,1,4294967295
bDefaultTiles,2112,480,128,96,32,32,0,1,1,4294967295
bDefaultTiles,2112,512,128,96,32,32,0,1,1,4294967295
bDefaultTiles,2144,512,128,96,32,32,0,1,1,4294967295
bDefaultTiles,2144,480,128,96,32,32,0,1,1,4294967295
bDefaultTiles,2144,448,128,96,32,32,0,1,1,4294967295
bDefaultTiles,2144,416,128,96,32,32,0,1,1,4294967295
bDefaultTiles,2144,384,128,96,32,32,0,1,1,4294967295
bDefaultTiles,2144,352,128,96,32,32,0,1,1,4294967295
bDefaultTiles,2144,320,128,96,32,32,0,1,1,4294967295
bDefaultTiles,2144,288,128,96,32,32,0,1,1,4294967295
bDefaultTiles,2144,256,128,96,32,32,0,1,1,4294967295
bDefaultTiles,2144,224,128,96,32,32,0,1,1,4294967295
bDefaultTiles,2144,192,128,96,32,32,0,1,1,4294967295
bDefaultTiles,2144,160,128,96,32,32,0,1,1,4294967295
bDefaultTiles,2144,128,128,96,32,32,0,1,1,4294967295
bDefaultTiles,2144,96,128,96,32,32,0,1,1,4294967295
bDefaultTiles,2144,64,128,96,32,32,0,1,1,4294967295
bDefaultTiles,2144,32,128,96,32,32,0,1,1,4294967295
bDefaultTiles,2080,544,128,96,32,32,0,1,1,4294967295
bDefaultTiles,2080,576,128,96,32,32,0,1,1,4294967295
bDefaultTiles,2016,576,128,64,32,32,0,1,1,4294967295
bDefaultTiles,2048,512,128,64,32,32,0,1,1,4294967295
bDefaultTiles,1920,384,128,96,32,32,0,1,1,4294967295
bDefaultTiles,1888,448,128,96,32,32,0,1,1,4294967295
