SpikeUp,320,352,98AD8FC2,0,1,1,4294967295,0,0
SpikeUp,384,384,9F0F3C71,0,1,1,4294967295,0,0
SpikeUp,416,384,7CDEEF6B,0,1,1,4294967295,0,0
SpikeDown,352,320,ACB3CA6F,0,1,1,4294967295,0,0
SpikeUp,608,384,D32700F9,0,1,1,4294967295,0,0
SpikeUp,576,384,82BEC7F5,0,1,1,4294967295,0,0
SpikeUp,512,384,82A43AC3,0,1,1,4294967295,0,0
SpikeUp,480,384,AB39D44C,0,1,1,4294967295,0,0
SpikeUp,544,384,DBEE6E02,0,1,1,4294967295,0,0
SpikeUp,480,224,C87F5011,0,1,1,4294967295,0,0
SpikeUp,512,224,9A0FFD77,0,1,1,4294967295,0,0
SpikeRight,544,256,0C5AFDEF,0,1,1,4294967295,0,0
SpikeRight,640,416,7F9D1E91,0,1,1,4294967295,0,0
SpikeUp,672,480,34E94989,0,1,1,4294967295,0,0
SpikeUp,704,416,7C2F20B6,0,1,1,4294967295,0,0
SpikeUp,736,416,1B47452C,0,1,1,4294967295,0,0
SpikeLeft,416,256,49A9B1EC,0,1,1,4294967295,0,0
SpikeDown,480,352,CEDA2AB9,0,1,1,4294967295,0,0
SpikeDown,672,352,536792DB,0,1,1,4294967295,0,0
SpikeLeft,1088,192,4B7B6562,0,1,1,4294967295,0,0
SpikeUp,1120,160,AE9AFF2C,0,1,1,4294967295,0,0
SpikeRight,1152,192,A0BF86E1,0,1,1,4294967295,0,0
SpikeLeft,640,320,DE672560,0,1,1,4294967295,0,0
SpikeLeft,960,288,A9954F68,0,1,1,4294967295,0,0
SpikeUp,928,352,EE70710C,0,1,1,4294967295,0,0
SpikeDown,960,224,919C0AF3,0,1,1,4294967295,0,0
SpikeRight,896,288,2E45824F,0,1,1,4294967295,0,0
SpikeRight,1024,192,07EDEB86,0,1,1,4294967295,0,0
SpikeUp,1056,256,1B6CB844,0,1,1,4294967295,0,0
SpikeUp,1152,320,EE152E47,0,1,1,4294967295,0,0
SpikeUp,1184,384,EFCAEFD0,0,1,1,4294967295,0,0
SpikeUp,1216,384,D3E6EA77,0,1,1,4294967295,0,0
SpikeUp,256,480,4F4C7A22,0,1,1,4294967295,0,0
SpikeRight,288,512,2FDF5060,0,1,1,4294967295,0,0
SpikeDown,256,544,FE2318B9,0,1,1,4294967295,0,0
SpikeDown,224,448,3DAFC99D,0,1,1,4294967295,0,0
SpikeDown,320,416,C6FA80AE,0,1,1,4294967295,0,0
SpikeUp,224,384,502F1BC2,0,1,1,4294967295,0,0
SpikeDown,1088,96,AB0F1AAB,0,1,1,4294967295,0,0
SpikeDown,1152,96,C172FA4D,0,1,1,4294967295,0,0
SpikeLeft,320,288,1A71A1AB,0,1,1,4294967295,0,0
SpikeDown,384,256,111AFCA2,0,1,1,4294967295,0,0
SpikeLeft,352,224,D14B621E,0,1,1,4294967295,0,0
SpikeRight,416,224,DA1B3C3E,0,1,1,4294967295,0,0
SpikeDown,448,160,177F3B46,0,1,1,4294967295,0,0
SpikeDown,320,160,D0357ECC,0,1,1,4294967295,0,0
SpikeRight,256,416,B375050A,0,1,1,4294967295,0,0
SpikeUp,384,192,6B6E7A28,0,1,1,4294967295,0,0
SpikeRight,384,288,9DC28DC0,0,1,1,4294967295,0,0
Block,0,448,4FE68421,0,1,5,4294967295,0,0
Block,32,576,6D8756F9,0,1,1,4294967295,0,0
Block,32,448,85953640,0,6,1,4294967295,0,0
Block,192,128,FE006570,0,1,10,4294967295,0,0
Block,224,128,27DB4A0F,0,8,1,4294967295,0,0
Block,640,160,6A382439,0,1,5,4294967295,0,0
Block,672,320,3148D534,0,7,1,4294967295,0,0
Block,608,416,CF7BDA20,0,1,4,4294967295,0,0
Block,640,512,FAFE094A,0,3,1,4294967295,0,0
Block,704,448,DEF1B913,0,1,2,4294967295,0,0
Block,736,448,44B2D2BF,0,2,1,4294967295,0,0
Block,768,384,29DDDA17,0,1,2,4294967295,0,0
Block,352,416,04AF119D,0,8,1,4294967295,0,0
Block,448,256,27D2090C,0,1,5,4294967295,0,0
Block,480,256,7E9977D6,0,2,1,4294967295,0,0
Block,480,288,B8550EEE,0,2,1,4294967295,0,0
Block,480,320,C17E61DD,0,1,1,4294967295,0,0
Block,320,384,79902C4A,0,2,1,4294967295,0,0
Block,320,480,51DDF0C7,0,2,1,4294967295,0,0
Block,352,448,822776C0,0,1,1,4294967295,0,0
Block,320,512,8257C62B,0,1,3,4294967295,0,0
Block,192,576,71288078,0,4,1,4294967295,0,0
Block,448,96,460771BD,0,4,1,4294967295,0,0
Block,544,128,9DFB42A8,0,4,1,4294967295,0,0
Block,864,192,7B5386D9,0,1,4,4294967295,0,0
Block,896,192,4A3046C1,0,4,1,4294967295,0,0
Block,800,384,E1C94F60,0,7,1,4294967295,0,0
Block,992,288,4CCE6916,0,1,3,4294967295,0,0
Block,1024,288,B05F49CC,0,4,1,4294967295,0,0
Block,1120,192,D2ED7848,0,1,3,4294967295,0,0
Block,1120,320,CD57CEAA,0,1,2,4294967295,0,0
Block,1152,352,2E84F586,0,1,3,4294967295,0,0
Block,1184,416,E46AEBD9,0,2,1,4294967295,0,0
Block,1216,448,7AEE7967,0,4,1,4294967295,0,0
Block,1312,480,AC716B9B,0,9,1,4294967295,0,0
Block,1248,0,536A9624,0,5,10,4294967295,0,0
Block,992,64,DC7A38F9,0,8,1,4294967295,0,0
Block,992,96,610F0390,0,1,3,4294967295,0,0
Block,1536,0,DBC3C8B3,0,2,10,4294967295,0,0
Block,672,288,F19427AD,0,1,1,4294967295,0,0
Block,256,512,A1564641,0,1,1,4294967295,0,0
Block,224,416,F6D11B4B,0,1,1,4294967295,0,0
Block,352,288,82DD38E5,0,1,1,4294967295,0,0
Block,384,224,2002B731,0,1,1,4294967295,0,0
PlayerStart,112,576,B7D8D083,0,1,1,4294967295,0,0
Platform,64,608,BE4846FB,0,4,1,4294967295,0,0
SaveHard,224,544,A20221FC,0,1,1,4294967295,0,0
SaveHard,1280,416,4C3CF415,0,1,1,4294967295,0,0
RoomChanger,1600,320,D6C73794,0,1,5,4294967295,0,1
Stage4Platform,1408,464,9CF03F00,0,1,1,4294967295,0,0
RoomChanger,1408,-32,4F56A1D4,0,4,1,4294967295,0,1
