SpikeUp,64,2080,1A82F51D,0,1,1,4294967295,0,0
SpikeUp,96,2112,DE5005C5,0,1,1,4294967295,0,0
SpikeUp,128,2144,115A26EB,0,1,1,4294967295,0,0
SpikeUp,160,2176,1522B47A,0,1,1,4294967295,0,0
SpikeUp,192,2208,35D285EE,0,1,1,4294967295,0,0
SpikeUp,224,2240,8C9A3B3C,0,1,1,4294967295,0,0
SpikeUp,256,2272,EC6A2698,0,1,1,4294967295,0,0
SpikeUp,288,2304,FE7D654E,0,1,1,4294967295,0,0
SpikeUp,320,2336,74653889,0,1,1,4294967295,0,0
SpikeUp,448,2336,818BCC6E,0,1,1,4294967295,0,0
SpikeUp,480,2304,3C761948,0,1,1,4294967295,0,0
SpikeUp,512,2272,73F86C11,0,1,1,4294967295,0,0
SpikeUp,544,2240,6A6FCFA5,0,1,1,4294967295,0,0
SpikeUp,576,2208,AB4320A8,0,1,1,4294967295,0,0
SpikeUp,608,2176,C5EF9D2A,0,1,1,4294967295,0,0
SpikeUp,640,2144,92CDCD96,0,1,1,4294967295,0,0
SpikeUp,672,2112,8733FDD5,0,1,1,4294967295,0,0
SpikeDown,64,320,B783269B,0,1,1,4294967295,0,0
SpikeDown,96,288,560FF9F3,0,1,1,4294967295,0,0
SpikeDown,128,256,F143A077,0,1,1,4294967295,0,0
SpikeDown,160,224,304DC489,0,1,1,4294967295,0,0
SpikeDown,192,192,7B316FC5,0,1,1,4294967295,0,0
SpikeDown,224,160,5F463FF4,0,1,1,4294967295,0,0
SpikeDown,256,128,2D84D827,0,1,1,4294967295,0,0
SpikeDown,288,96,815BCB0F,0,1,1,4294967295,0,0
SpikeDown,320,64,C61A29ED,0,1,1,4294967295,0,0
SpikeDown,448,64,2ED71DA8,0,1,1,4294967295,0,0
SpikeDown,480,96,97D88F3C,0,1,1,4294967295,0,0
SpikeDown,512,128,E4DA023A,0,1,1,4294967295,0,0
SpikeDown,544,160,D68C2C25,0,1,1,4294967295,0,0
SpikeDown,576,192,38DCEEA2,0,1,1,4294967295,0,0
SpikeDown,608,224,7755C10A,0,1,1,4294967295,0,0
SpikeDown,640,256,4276D8AB,0,1,1,4294967295,0,0
SpikeDown,672,288,03F8549A,0,1,1,4294967295,0,0
SpikeRight,352,0,A2099CEB,0,1,1,4294967295,0,0
SpikeRight,352,32,0F8DD501,0,1,1,4294967295,0,0
SpikeRight,352,2368,A6821A48,0,1,1,4294967295,0,0
SpikeRight,352,2400,112EB647,0,1,1,4294967295,0,0
SpikeLeft,416,2368,74E770FF,0,1,1,4294967295,0,0
SpikeLeft,416,2400,09E6E45E,0,1,1,4294967295,0,0
SpikeLeft,416,0,AE19429B,0,1,1,4294967295,0,0
SpikeLeft,416,32,1B0F4C31,0,1,1,4294967295,0,0
SpikeDown,320,2112,24DDDE8E,0,1,1,4294967295,0,0
SpikeDown,352,2112,F9AA28B3,0,1,1,4294967295,0,0
SpikeDown,384,2112,528A6558,0,1,1,4294967295,0,0
SpikeDown,416,2112,0B65B542,0,1,1,4294967295,0,0
SpikeDown,448,2112,94EBF19F,0,1,1,4294967295,0,0
SpikeUp,704,2080,FE66F9A2,0,1,1,4294967295,0,0
SpikeDown,704,320,5A872C5C,0,1,1,4294967295,0,0
SpikeDown,128,1952,24BD09AA,0,1,1,4294967295,0,0
SpikeDown,160,1952,FA8366F2,0,1,1,4294967295,0,0
SpikeDown,96,1888,53B60C79,0,1,1,4294967295,0,0
SpikeDown,192,1888,87C1A164,0,1,1,4294967295,0,0
SpikeDown,128,1824,2FDAADF0,0,1,1,4294967295,0,0
SpikeDown,160,1824,0A930AF7,0,1,1,4294967295,0,0
SpikeDown,640,1824,73BBAE7E,0,1,1,4294967295,0,0
SpikeDown,608,1824,C68F54CC,0,1,1,4294967295,0,0
SpikeDown,576,1888,1CEE5B17,0,1,1,4294967295,0,0
SpikeDown,672,1888,80EE13F0,0,1,1,4294967295,0,0
SpikeDown,608,1952,CBC0B873,0,1,1,4294967295,0,0
SpikeDown,640,1952,BFB7A984,0,1,1,4294967295,0,0
SpikeUp,128,1920,921F807E,0,1,1,4294967295,0,0
SpikeUp,160,1920,7B133915,0,1,1,4294967295,0,0
SpikeUp,96,1856,E1ADE3D8,0,1,1,4294967295,0,0
SpikeUp,192,1856,0B363371,0,1,1,4294967295,0,0
SpikeUp,160,1792,CCFBE7DE,0,1,1,4294967295,0,0
SpikeUp,128,1792,B6D4714F,0,1,1,4294967295,0,0
SpikeUp,576,1856,EF205602,0,1,1,4294967295,0,0
SpikeUp,608,1920,40D94CE5,0,1,1,4294967295,0,0
SpikeUp,640,1920,1A5D5DD1,0,1,1,4294967295,0,0
SpikeUp,672,1856,0A52B6E1,0,1,1,4294967295,0,0
SpikeUp,640,1792,33963A6C,0,1,1,4294967295,0,0
SpikeUp,608,1792,F101C9DF,0,1,1,4294967295,0,0
SpikeUp,224,1920,8069FE3C,0,1,1,4294967295,0,0
SpikeUp,224,1792,3BE59AE0,0,1,1,4294967295,0,0
SpikeUp,64,1792,DF74F899,0,1,1,4294967295,0,0
SpikeUp,64,1920,BB2065BF,0,1,1,4294967295,0,0
SpikeUp,544,1920,989CF7C6,0,1,1,4294967295,0,0
SpikeUp,704,1920,F9834ACD,0,1,1,4294967295,0,0
SpikeUp,544,1792,2AD73832,0,1,1,4294967295,0,0
SpikeUp,704,1792,E95C9392,0,1,1,4294967295,0,0
SpikeDown,64,1952,1CCFD580,0,1,1,4294967295,0,0
SpikeDown,224,1952,1106CAC8,0,1,1,4294967295,0,0
SpikeDown,224,1824,1DDBD3F4,0,1,1,4294967295,0,0
SpikeDown,64,1824,F2BA5032,0,1,1,4294967295,0,0
SpikeDown,544,1824,5F256450,0,1,1,4294967295,0,0
SpikeDown,704,1824,1D1BD670,0,1,1,4294967295,0,0
SpikeDown,544,1952,DA12E394,0,1,1,4294967295,0,0
SpikeDown,704,1952,491570B9,0,1,1,4294967295,0,0
SpikeDown,64,1696,DEC918C4,0,1,1,4294967295,0,0
SpikeDown,96,1696,D5C6A3AF,0,1,1,4294967295,0,0
SpikeDown,128,1696,0665E153,0,1,1,4294967295,0,0
SpikeDown,160,1696,7DA9212F,0,1,1,4294967295,0,0
SpikeDown,192,1696,86D579FB,0,1,1,4294967295,0,0
SpikeDown,576,1696,C1DC7D6E,0,1,1,4294967295,0,0
SpikeDown,608,1696,63A9D65C,0,1,1,4294967295,0,0
SpikeDown,640,1696,0197001B,0,1,1,4294967295,0,0
SpikeDown,672,1696,DE1A7582,0,1,1,4294967295,0,0
SpikeDown,704,1696,982BDB38,0,1,1,4294967295,0,0
SpikeUp,64,1376,F27C6D84,0,1,1,4294967295,0,0
SpikeUp,96,1376,9CB97BF9,0,1,1,4294967295,0,0
SpikeUp,128,1376,B0991F62,0,1,1,4294967295,0,0
SpikeUp,160,1376,27649950,0,1,1,4294967295,0,0
SpikeUp,192,1376,D2F3272A,0,1,1,4294967295,0,0
SpikeUp,224,1376,5290D30D,0,1,1,4294967295,0,0
SpikeUp,544,1376,54FB22E9,0,1,1,4294967295,0,0
SpikeUp,576,1376,3C390A5F,0,1,1,4294967295,0,0
SpikeUp,608,1376,A041CE30,0,1,1,4294967295,0,0
SpikeUp,640,1376,9B94EA5C,0,1,1,4294967295,0,0
SpikeUp,672,1376,9CA87005,0,1,1,4294967295,0,0
SpikeUp,704,1376,1F45086E,0,1,1,4294967295,0,0
SpikeUp,448,1696,1EEAB5A7,0,1,1,4294967295,0,0
SpikeUp,416,1696,15FBD89D,0,1,1,4294967295,0,0
SpikeUp,384,1696,5EA8B84E,0,1,1,4294967295,0,0
SpikeUp,352,1696,AEEA804C,0,1,1,4294967295,0,0
SpikeUp,320,1696,BDA25096,0,1,1,4294967295,0,0
SpikeDown,64,896,428662A7,0,1,1,4294967295,0,0
SpikeDown,96,896,E77E90E7,0,1,1,4294967295,0,0
SpikeDown,128,896,BA8736FE,0,1,1,4294967295,0,0
SpikeDown,160,896,B85B6945,0,1,1,4294967295,0,0
SpikeDown,192,896,1E63D648,0,1,1,4294967295,0,0
SpikeDown,224,896,AF2D8DB1,0,1,1,4294967295,0,0
SpikeDown,704,896,51713F82,0,1,1,4294967295,0,0
SpikeDown,672,896,60D20C66,0,1,1,4294967295,0,0
SpikeDown,640,896,5FEB62C0,0,1,1,4294967295,0,0
SpikeDown,608,896,F10C40C5,0,1,1,4294967295,0,0
SpikeDown,576,896,E95FB2E6,0,1,1,4294967295,0,0
SpikeDown,544,896,2086CB77,0,1,1,4294967295,0,0
SpikeDown,192,768,61505A9F,0,1,1,4294967295,0,0
SpikeDown,224,768,512F25B6,0,1,1,4294967295,0,0
SpikeDown,256,768,DEE4943E,0,1,1,4294967295,0,0
SpikeDown,288,768,586FEFED,0,1,1,4294967295,0,0
SpikeDown,320,768,9D7E0883,0,1,1,4294967295,0,0
SpikeDown,352,768,42948E2D,0,1,1,4294967295,0,0
SpikeDown,384,768,18D9577C,0,1,1,4294967295,0,0
SpikeDown,416,768,FCBCB1A9,0,1,1,4294967295,0,0
SpikeDown,448,768,908A6190,0,1,1,4294967295,0,0
SpikeDown,480,768,89A67965,0,1,1,4294967295,0,0
SpikeDown,512,768,2DB3C4E4,0,1,1,4294967295,0,0
SpikeDown,544,768,949D8121,0,1,1,4294967295,0,0
SpikeDown,576,768,01FABD72,0,1,1,4294967295,0,0
SpikeDown,352,544,1FCB56D9,0,1,1,4294967295,0,0
SpikeDown,384,544,970C7B3A,0,1,1,4294967295,0,0
SpikeDown,416,544,C5D01551,0,1,1,4294967295,0,0
SpikeDown,320,416,912B76C0,0,1,1,4294967295,0,0
SpikeDown,352,416,3927E69E,0,1,1,4294967295,0,0
SpikeDown,384,416,34042C49,0,1,1,4294967295,0,0
SpikeDown,416,416,E1FEC46E,0,1,1,4294967295,0,0
SpikeDown,448,416,12D43350,0,1,1,4294967295,0,0
SpikeDown,256,384,75B155AF,0,1,1,4294967295,0,0
SpikeDown,224,384,931E701F,0,1,1,4294967295,0,0
SpikeDown,192,384,0C039304,0,1,1,4294967295,0,0
SpikeDown,512,384,0B2BA2DE,0,1,1,4294967295,0,0
SpikeDown,544,384,3E45AEE0,0,1,1,4294967295,0,0
SpikeDown,576,384,FE19F8D1,0,1,1,4294967295,0,0
SpikeUp,320,608,8E5D19E7,0,1,1,4294967295,0,0
SpikeUp,288,640,5E3C3AFA,0,1,1,4294967295,0,0
SpikeUp,448,608,602C1C8C,0,1,1,4294967295,0,0
SpikeUp,480,640,9BC8ED42,0,1,1,4294967295,0,0
SpikeUp,256,704,25E992E0,0,1,1,4294967295,0,0
SpikeUp,512,704,2354F04F,0,1,1,4294967295,0,0
SpikeUp,320,256,9EBBDBBF,0,1,1,4294967295,0,0
SpikeUp,352,224,2CE8F6C3,0,1,1,4294967295,0,0
SpikeUp,384,192,ACCDF32F,0,1,1,4294967295,0,0
SpikeUp,416,224,ED76E6A6,0,1,1,4294967295,0,0
SpikeUp,448,256,2FB2DB2A,0,1,1,4294967295,0,0
SpikeUp,224,320,9C728A03,0,1,1,4294967295,0,0
SpikeUp,544,320,5BECC6F4,0,1,1,4294967295,0,0
SpikeDown,192,672,7E070D51,0,1,1,4294967295,0,0
SpikeDown,160,672,93BA1D14,0,1,1,4294967295,0,0
SpikeDown,128,672,5B69DF8F,0,1,1,4294967295,0,0
SpikeDown,96,672,F996E4F8,0,1,1,4294967295,0,0
SpikeDown,64,672,EB5D8D0F,0,1,1,4294967295,0,0
SpikeDown,704,672,E787F537,0,1,1,4294967295,0,0
SpikeDown,672,672,2C1A8FC2,0,1,1,4294967295,0,0
SpikeDown,640,672,BCAC9078,0,1,1,4294967295,0,0
SpikeDown,608,672,A0A65745,0,1,1,4294967295,0,0
SpikeDown,576,672,D58753F8,0,1,1,4294967295,0,0
SpikeUp,64,448,B27AE93C,0,1,1,4294967295,0,0
SpikeUp,96,448,1A3F58C8,0,1,1,4294967295,0,0
SpikeUp,128,448,CF4DEB53,0,1,1,4294967295,0,0
SpikeUp,160,448,C5AE943E,0,1,1,4294967295,0,0
SpikeUp,192,448,4D86C7FA,0,1,1,4294967295,0,0
SpikeUp,704,448,6582306A,0,1,1,4294967295,0,0
SpikeUp,672,448,F7B86A1D,0,1,1,4294967295,0,0
SpikeUp,640,448,0B068460,0,1,1,4294967295,0,0
SpikeUp,608,448,4E657E06,0,1,1,4294967295,0,0
SpikeUp,576,448,A6562D37,0,1,1,4294967295,0,0
SpikeUp,192,320,9B4BE41B,0,1,1,4294967295,0,0
SpikeUp,576,320,E8A88D7B,0,1,1,4294967295,0,0
SpikeRight,288,864,17E86BB3,0,1,1,4294967295,0,0
SpikeLeft,480,864,D494EB2A,0,1,1,4294967295,0,0
SpikeDown,256,896,D9F03E3D,0,1,1,4294967295,0,0
SpikeDown,512,896,2C79E4C0,0,1,1,4294967295,0,0
SpikeUp,224,448,BCBE4B5C,0,1,1,4294967295,0,0
SpikeUp,544,448,0006A020,0,1,1,4294967295,0,0
SpikeUp,512,448,3FD5CEFC,0,1,1,4294967295,0,0
SpikeUp,256,448,82847E98,0,1,1,4294967295,0,0
SpikeDown,256,544,59B2C9EA,0,1,1,4294967295,0,0
SpikeDown,224,544,74CAAF9A,0,1,1,4294967295,0,0
SpikeDown,544,544,38E85D6B,0,1,1,4294967295,0,0
SpikeDown,512,544,7A28C671,0,1,1,4294967295,0,0
SpikeUp,64,832,7274E87F,0,1,1,4294967295,0,0
SpikeUp,96,832,C1E6A3F3,0,1,1,4294967295,0,0
SpikeUp,128,832,876D9825,0,1,1,4294967295,0,0
SpikeUp,160,832,0B6A8E2D,0,1,1,4294967295,0,0
SpikeUp,608,832,320AFB8C,0,1,1,4294967295,0,0
SpikeUp,640,832,B5993F9E,0,1,1,4294967295,0,0
SpikeUp,672,832,DF56615E,0,1,1,4294967295,0,0
SpikeUp,704,832,0F177D40,0,1,1,4294967295,0,0
SpikeRight,224,640,0DA84AD8,0,1,1,4294967295,0,0
SpikeLeft,544,640,5A150D5B,0,1,1,4294967295,0,0
SpikeUp,352,576,B5A6783D,0,1,1,4294967295,0,0
SpikeUp,416,576,F630D6AD,0,1,1,4294967295,0,0
SpikeUp,336,448,14E4AE24,0,1,1,4294967295,0,0
SpikeUp,432,448,25BC86AD,0,1,1,4294967295,0,0
SpikeUp,336,1664,A5815E2B,0,1,1,4294967295,0,0
SpikeUp,368,1664,5A2821B3,0,1,1,4294967295,0,0
SpikeUp,400,1664,29C023A9,0,1,1,4294967295,0,0
SpikeUp,432,1664,758B551F,0,1,1,4294967295,0,0
SpikeUp,352,1632,D1FD273F,0,1,1,4294967295,0,0
SpikeUp,384,1632,DCAB9C1E,0,1,1,4294967295,0,0
SpikeUp,416,1632,648AC08B,0,1,1,4294967295,0,0
SpikeUp,368,1600,73648CD0,0,1,1,4294967295,0,0
SpikeUp,400,1600,997060F4,0,1,1,4294967295,0,0
SpikeUp,384,1568,68C1361E,0,1,1,4294967295,0,0
SpikeDown,384,1600,0B2F523A,0,1,1,4294967295,0,0
SpikeDown,368,1632,CE532690,0,1,1,4294967295,0,0
SpikeDown,400,1632,82C7EFF5,0,1,1,4294967295,0,0
SpikeDown,352,1664,F3149149,0,1,1,4294967295,0,0
SpikeDown,384,1664,6581C5B7,0,1,1,4294967295,0,0
SpikeDown,416,1664,DA04B468,0,1,1,4294967295,0,0
SpikeDown,336,1696,6DA42A73,0,1,1,4294967295,0,0
SpikeDown,368,1696,FCEBC392,0,1,1,4294967295,0,0
SpikeDown,400,1696,2ABBDD26,0,1,1,4294967295,0,0
SpikeDown,432,1696,B6D14A9B,0,1,1,4294967295,0,0
SpikeDown,336,2144,2DFFA29E,0,1,1,4294967295,0,0
SpikeDown,368,2144,99FA3876,0,1,1,4294967295,0,0
SpikeDown,400,2144,10EB503E,0,1,1,4294967295,0,0
SpikeDown,432,2144,486332D6,0,1,1,4294967295,0,0
SpikeDown,352,2176,F776F469,0,1,1,4294967295,0,0
SpikeDown,384,2176,C8A4CF5C,0,1,1,4294967295,0,0
SpikeDown,416,2176,4F38FB86,0,1,1,4294967295,0,0
SpikeDown,368,2208,EE407943,0,1,1,4294967295,0,0
SpikeDown,400,2208,3D50789A,0,1,1,4294967295,0,0
SpikeDown,384,2240,20DCEA45,0,1,1,4294967295,0,0
SpikeUp,368,2176,DEFE6BAA,0,1,1,4294967295,0,0
SpikeUp,384,2208,E06C5023,0,1,1,4294967295,0,0
SpikeUp,400,2176,647796D8,0,1,1,4294967295,0,0
SpikeUp,352,2144,FF22637C,0,1,1,4294967295,0,0
SpikeUp,384,2144,568E37C6,0,1,1,4294967295,0,0
SpikeUp,416,2144,3B4B9D32,0,1,1,4294967295,0,0
SpikeUp,336,2112,6F2CBD9E,0,1,1,4294967295,0,0
SpikeUp,368,2112,3D927486,0,1,1,4294967295,0,0
SpikeUp,400,2112,4E431319,0,1,1,4294967295,0,0
SpikeUp,432,2112,592D9A68,0,1,1,4294967295,0,0
SpikeUp,384,576,C9443026,0,1,1,4294967295,0,0
SpikeDown,320,512,BC88DF84,0,1,1,4294967295,0,0
SpikeDown,448,512,9174C420,0,1,1,4294967295,0,0
Block,32,288,DEFCF4DC,0,1,58,4294967295,0,0
Block,736,288,B1C71BBE,0,1,58,4294967295,0,0
Block,64,256,34AE96E2,0,1,2,4294967295,0,0
Block,96,224,8B15035D,0,1,2,4294967295,0,0
Block,128,192,153DDAFC,0,1,2,4294967295,0,0
Block,160,160,A6C7E3C1,0,1,2,4294967295,0,0
Block,192,128,0825B359,0,1,2,4294967295,0,0
Block,224,96,991A3933,0,1,2,4294967295,0,0
Block,256,64,2E7E0375,0,1,2,4294967295,0,0
Block,288,32,23C13368,0,1,2,4294967295,0,0
Block,320,0,2130EACA,0,1,2,4294967295,0,0
Block,672,224,0CB355C7,0,1,2,4294967295,0,0
Block,640,192,4ED5173F,0,1,2,4294967295,0,0
Block,608,160,818F2A49,0,1,2,4294967295,0,0
Block,576,128,1941658B,0,1,2,4294967295,0,0
Block,544,96,F1E98C80,0,1,2,4294967295,0,0
Block,512,64,7F9CCF48,0,1,2,4294967295,0,0
Block,480,32,14C3B5A7,0,1,2,4294967295,0,0
Block,448,0,F53A95A6,0,1,2,4294967295,0,0
Block,64,2112,F523595B,0,1,2,4294967295,0,0
Block,96,2144,D3468772,0,1,2,4294967295,0,0
Block,128,2176,762E0D11,0,1,2,4294967295,0,0
Block,160,2208,0D48FD32,0,1,2,4294967295,0,0
Block,192,2240,F7C5A2B6,0,1,2,4294967295,0,0
Block,224,2272,994BD349,0,1,2,4294967295,0,0
Block,256,2304,D8766449,0,1,2,4294967295,0,0
Block,288,2336,B6DEC72F,0,1,2,4294967295,0,0
Block,320,2368,7A59113A,0,1,2,4294967295,0,0
Block,448,2368,9C22D163,0,1,2,4294967295,0,0
Block,480,2336,E51E20CD,0,1,2,4294967295,0,0
Block,512,2304,EB66CED0,0,1,2,4294967295,0,0
Block,544,2272,925C16D6,0,1,2,4294967295,0,0
Block,576,2240,9A77E886,0,1,2,4294967295,0,0
Block,608,2208,21CE8148,0,1,2,4294967295,0,0
Block,640,2176,7892B841,0,1,2,4294967295,0,0
Block,672,2144,E0685945,0,1,2,4294967295,0,0
Block,320,1728,D84E171A,0,5,12,4294967295,0,0
Block,704,256,979EC6F0,0,1,2,4294967295,0,0
Block,704,2112,6BF3443E,0,1,2,4294967295,0,0
Block,64,1408,4A993F0A,0,6,9,4294967295,0,0
Block,544,1408,3E85AC01,0,6,9,4294967295,0,0
Block,64,864,30BDC22D,0,7,1,4294967295,0,0
Block,512,864,7A5EABF8,0,7,1,4294967295,0,0
Block,192,736,8F2807B4,0,13,1,4294967295,0,0
Block,320,640,754542BD,0,5,3,4294967295,0,0
Block,352,608,9C265E41,0,3,1,4294967295,0,0
Block,320,480,51EE9699,0,5,1,4294967295,0,0
Block,320,288,38DB54B6,0,5,4,4294967295,0,0
Block,192,352,E3CF6146,0,3,1,4294967295,0,0
Block,512,352,551CF824,0,3,1,4294967295,0,0
Block,64,480,A3F5107B,0,5,6,4294967295,0,0
Block,576,480,88CD6A55,0,5,6,4294967295,0,0
Block,224,480,C3C7A21D,0,2,2,4294967295,0,0
Block,512,480,1559DAC7,0,2,2,4294967295,0,0
Block,352,512,F3F7A9BB,0,3,1,4294967295,0,0
Block,352,256,FCB3E4E2,0,3,1,4294967295,0,0
Block,384,224,25F3DE39,0,1,1,4294967295,0,0
Block,288,672,2F3F4E9E,0,1,2,4294967295,0,0
Block,480,672,7D677516,0,1,2,4294967295,0,0
VineRight,544,1664,A3F421E3,0,1,1,4294967295,0,0
VineRight,544,1632,278DEA96,0,1,1,4294967295,0,0
VineRight,544,1600,8D1D5DB3,0,1,1,4294967295,0,0
VineLeft,224,1664,C19F5256,0,1,1,4294967295,0,0
VineLeft,224,1632,25B55527,0,1,1,4294967295,0,0
VineLeft,224,1600,6F2B1451,0,1,1,4294967295,0,0
VineRight,288,672,5332760D,0,1,1,4294967295,0,0
VineLeft,480,672,89B5E848,0,1,1,4294967295,0,0
VineLeft,480,704,8909C1C5,0,1,1,4294967295,0,0
VineRight,288,704,7C8AB777,0,1,1,4294967295,0,0
Platform,336,2432,9F9EEC5F,0,4,1,4294967295,0,1
PlayerStart,384,2400,0ABCE511,0,1,1,4294967295,0,0
Platform,96,2432,A655E812,0,4,1,4294967295,0,1
Platform,576,2432,E5564FA8,0,4,1,4294967295,0,1
Camera,352,64,871F81E2,0,1,1,4294967295,0,1
Cherry,272,1568,4F930552,0,1,1,4294967295,0,1
Cherry,336,1536,CABA74C9,0,1,1,4294967295,0,1
Cherry,400,1504,C7B0F798,0,1,1,4294967295,0,1
Cherry,464,1472,EC6421BF,0,1,1,4294967295,0,1
Cherry,528,1440,43B65D49,0,1,1,4294967295,0,1
CherryWheelShmingCounterClockwise,160,1152,2A49C212,0,1,1,4294967295,0,0
CherryWheelShmingCounterClockwise,400,1152,DA55EE22,0,1,1,4294967295,0,0
CherryWheelShmingClockwise,640,1152,18D4573D,0,1,1,4294967295,0,0
CherryWheelShmingClockwise,400,1152,A8064D61,0,1,1,4294967295,0,0
Cherry,528,1568,D6B737B2,0,1,1,4294967295,0,1
Cherry,464,1536,9B838197,0,1,1,4294967295,0,1
Cherry,400,1504,18772B4E,0,1,1,4294967295,0,1
Cherry,336,1472,648DBC69,0,1,1,4294967295,0,1
Cherry,272,1440,E66F62AA,0,1,1,4294967295,0,1
Stage4PlatformSpeedChanger,160,960,070CE41A,0,1,1,4294967295,0,0
Stage4PlatformSpeedChanger,608,960,51B84F8B,0,1,1,4294967295,0,0
Stage4PlatformSpeedChanger,384,960,CF78B2BD,0,1,1,4294967295,0,0
Stage4PlatformSpeedChanger,160,704,420B1B8D,0,1,1,4294967295,0,0
Stage4PlatformSpeedChanger,384,704,94D37610,0,1,1,4294967295,0,0
Stage4PlatformSpeedChanger,608,704,0FF7C21B,0,1,1,4294967295,0,0
RoomChanger,352,-32,472B93C4,0,3,1,4294967295,0,1
