SolidTileDisplay,768,512,BA2DA7DE,0,1,1,4294967295,0,1
SolidTileDisplay,768,544,9CA4789C,0,1,1,4294967295,0,1
SolidTileDisplay,800,512,5D00EB3B,0,1,1,4294967295,0,1
SolidTileDisplay,800,544,87F15426,0,1,1,4294967295,0,1
SolidTileDisplay,768,576,86778CE5,0,1,1,4294967295,0,1
SolidTileDisplay,800,576,7FED9E5E,0,1,1,4294967295,0,1
Block,0,0,4DD1D556,0,1,16,4294967295,0,0
Block,32,0,ADAF24FF,0,24,1,4294967295,0,0
Block,768,32,36763F15,0,1,15,4294967295,0,0
Block,0,576,83A0BEB1,0,25,1,4294967295,0,0
Block,-48,512,03DA1485,0,1,2,4294967295,0,0
SaveBoss,128,544,A26BC6EC,0,1,1,4294967295,0,1
Camera,32,32,7D8B67A6,0,1,1,4294967295,0,1
RoomChanger,800,512,EED83D74,0,1,2,4294967295,0,1
Water,-32,-32,E414DE71,0,27,21,2164260863,0,0
